1.000000e+00 7.806256e-18 -3.881444e-17 8.724510e-10 5.204170e-18 1.000000e+00 -1.927847e-18 -2.297063e-11 -1.077697e-16 -2.898547e-18 1.000000e+00 -2.035417e-09
9.997620e-01 -3.365402e-03 -2.155695e-02 -2.842654e-02 3.346873e-03 9.999940e-01 -8.955841e-04 7.587899e-03 2.155983e-02 8.232225e-04 9.997672e-01 4.605817e-01
9.990353e-01 -7.087384e-03 -4.333960e-02 -6.897582e-02 7.185638e-03 9.999720e-01 2.111686e-03 1.289992e-02 4.332342e-02 -2.421072e-03 9.990582e-01 9.763652e-01
9.980813e-01 -4.396649e-03 -6.176048e-02 -1.195944e-01 4.833317e-03 9.999644e-01 6.922718e-03 1.747887e-02 6.172785e-02 -7.207943e-03 9.980670e-01 1.454910e+00
9.967751e-01 2.148972e-03 -8.021739e-02 -1.924103e-01 -1.174818e-03 9.999250e-01 1.218915e-02 2.855960e-02 8.023757e-02 -1.205560e-02 9.967029e-01 1.986687e+00
9.953582e-01 7.889506e-03 -9.591577e-02 -2.676265e-01 -6.301230e-03 9.998382e-01 1.685072e-02 4.109060e-02 9.603320e-02 -1.616811e-02 9.952468e-01 2.478688e+00
9.937044e-01 1.028848e-02 -1.115600e-01 -3.472855e-01 -8.097465e-03 9.997657e-01 2.007511e-02 5.218023e-02 1.117404e-01 -1.904537e-02 9.935549e-01 2.969665e+00
9.918848e-01 7.508658e-03 -1.269181e-01 -4.259144e-01 -5.004536e-03 9.997867e-01 2.003761e-02 6.084976e-02 1.270415e-01 -1.923983e-02 9.917108e-01 3.516254e+00
9.904135e-01 1.007297e-02 -1.377668e-01 -5.179049e-01 -7.519154e-03 9.997903e-01 1.904517e-02 7.057768e-02 1.379297e-01 -1.782670e-02 9.902816e-01 4.009652e+00
9.889835e-01 1.598611e-02 -1.471601e-01 -6.227934e-01 -1.419709e-02 9.998121e-01 1.319935e-02 8.405952e-02 1.473435e-01 -1.096470e-02 9.890246e-01 4.551148e+00
9.874747e-01 2.220289e-02 -1.562075e-01 -7.295320e-01 -2.170710e-02 9.997525e-01 4.879325e-03 9.762965e-02 1.562772e-01 -1.427397e-03 9.877122e-01 5.035866e+00
9.861301e-01 2.687436e-02 -1.637841e-01 -8.357204e-01 -2.719337e-02 9.996301e-01 2.944677e-04 1.062419e-01 1.637314e-01 4.163457e-03 9.864962e-01 5.525165e+00
9.850125e-01 3.229109e-02 -1.694334e-01 -9.421963e-01 -3.247496e-02 9.994711e-01 1.686668e-03 1.142472e-01 1.693983e-01 3.840954e-03 9.855402e-01 6.023236e+00
9.841566e-01 3.602722e-02 -1.736026e-01 -1.059073e+00 -3.502485e-02 9.993474e-01 8.835031e-03 1.296169e-01 1.738076e-01 -2.614650e-03 9.847762e-01 6.575633e+00
9.838396e-01 3.670046e-02 -1.752507e-01 -1.155532e+00 -3.426382e-02 9.992697e-01 1.691042e-02 1.444089e-01 1.757433e-01 -1.063238e-02 9.843786e-01 7.081499e+00
9.835594e-01 4.094423e-02 -1.758821e-01 -1.265580e+00 -3.643740e-02 9.989215e-01 2.877910e-02 1.587548e-01 1.768707e-01 -2.189727e-02 9.839905e-01 7.640619e+00
9.831050e-01 4.977765e-02 -1.761440e-01 -1.372631e+00 -4.312886e-02 9.982123e-01 4.137785e-02 1.728084e-01 1.778888e-01 -3.308188e-02 9.834944e-01 8.149814e+00
9.826794e-01 5.679972e-02 -1.763943e-01 -1.483120e+00 -4.846707e-02 9.975118e-01 5.119670e-02 1.926914e-01 1.788633e-01 -4.176062e-02 9.829873e-01 8.652209e+00
9.826899e-01 5.565941e-02 -1.766992e-01 -1.585626e+00 -4.645472e-02 9.973600e-01 5.581175e-02 2.227836e-01 1.793392e-01 -4.663712e-02 9.826813e-01 9.201628e+00
9.827455e-01 4.758564e-02 -1.787370e-01 -1.663003e+00 -3.913684e-02 9.979568e-01 5.050362e-02 2.423574e-01 1.807751e-01 -4.263700e-02 9.825998e-01 9.689396e+00
9.824463e-01 4.376479e-02 -1.813393e-01 -1.748420e+00 -3.829097e-02 9.987023e-01 3.357894e-02 2.474004e-01 1.825735e-01 -2.604584e-02 9.828471e-01 1.015895e+01
9.822582e-01 4.457446e-02 -1.821592e-01 -1.854374e+00 -4.375952e-02 9.990060e-01 8.492643e-03 2.546568e-01 1.823567e-01 -3.707659e-04 9.832324e-01 1.066231e+01
9.815676e-01 4.901345e-02 -1.847234e-01 -1.953471e+00 -5.158960e-02 9.986263e-01 -9.162627e-03 2.723666e-01 1.840206e-01 1.852354e-02 9.827478e-01 1.112104e+01
9.813050e-01 4.243665e-02 -1.877222e-01 -2.040108e+00 -4.771550e-02 9.985800e-01 -2.368957e-02 2.951524e-01 1.864504e-01 3.220395e-02 9.819364e-01 1.158435e+01
9.814572e-01 3.058679e-02 -1.892253e-01 -2.126398e+00 -3.601628e-02 9.990304e-01 -2.532064e-02 3.071133e-01 1.882673e-01 3.166631e-02 9.816072e-01 1.210393e+01
9.816133e-01 2.873043e-02 -1.887057e-01 -2.213908e+00 -3.180940e-02 9.994054e-01 -1.330740e-02 2.983362e-01 1.882111e-01 1.906533e-02 9.819435e-01 1.258777e+01
9.814327e-01 3.346618e-02 -1.888645e-01 -2.322791e+00 -3.394913e-02 9.994233e-01 6.782960e-04 2.821571e-01 1.887783e-01 5.746083e-03 9.820029e-01 1.311637e+01
9.810629e-01 3.943961e-02 -1.896317e-01 -2.426114e+00 -3.914936e-02 9.992194e-01 5.277806e-03 2.734572e-01 1.896918e-01 2.246101e-03 9.818411e-01 1.359340e+01
9.807519e-01 4.369183e-02 -1.903069e-01 -2.529355e+00 -4.320600e-02 9.990437e-01 6.703277e-03 2.741041e-01 1.904178e-01 1.648148e-03 9.817018e-01 1.407207e+01
9.805967e-01 3.977399e-02 -1.919585e-01 -2.623339e+00 -4.008723e-02 9.991936e-01 2.253187e-03 2.810496e-01 1.918934e-01 5.485616e-03 9.814005e-01 1.460479e+01
9.805471e-01 3.379319e-02 -1.933530e-01 -2.706972e+00 -3.536295e-02 9.993636e-01 -4.671998e-03 2.847597e-01 1.930720e-01 1.141864e-02 9.811181e-01 1.509094e+01
9.804396e-01 2.985187e-02 -1.945434e-01 -2.796390e+00 -3.232808e-02 9.994315e-01 -9.565087e-03 2.874502e-01 1.941473e-01 1.566720e-02 9.808473e-01 1.558590e+01
9.803034e-01 2.938248e-02 -1.952994e-01 -2.883507e+00 -3.227440e-02 9.994112e-01 -1.164118e-02 3.075551e-01 1.948424e-01 1.771506e-02 9.806746e-01 1.615772e+01
9.800172e-01 3.049157e-02 -1.965619e-01 -2.967761e+00 -3.385094e-02 9.993323e-01 -1.375286e-02 3.296740e-01 1.960113e-01 2.013185e-02 9.803950e-01 1.668411e+01
9.795726e-01 3.017991e-02 -1.988131e-01 -3.054975e+00 -3.335786e-02 9.993634e-01 -1.265384e-02 3.441803e-01 1.983047e-01 1.902733e-02 9.799557e-01 1.721607e+01
9.791687e-01 3.103571e-02 -2.006627e-01 -3.153780e+00 -3.271617e-02 9.994519e-01 -5.062958e-03 3.510117e-01 2.003956e-01 1.152240e-02 9.796473e-01 1.781633e+01
9.787637e-01 3.156733e-02 -2.025465e-01 -3.250176e+00 -3.258610e-02 9.994675e-01 -1.696237e-03 3.566592e-01 2.023851e-01 8.260414e-03 9.792712e-01 1.836415e+01
9.782946e-01 3.008642e-02 -2.050232e-01 -3.345710e+00 -3.108321e-02 9.995155e-01 -1.642168e-03 3.694175e-01 2.048745e-01 7.979302e-03 9.787557e-01 1.891909e+01
9.776201e-01 2.886853e-02 -2.083879e-01 -3.469686e+00 -2.990524e-02 9.995511e-01 -1.825422e-03 4.051072e-01 2.082417e-01 8.016461e-03 9.780445e-01 1.952953e+01
9.767668e-01 2.892712e-02 -2.123438e-01 -3.603784e+00 -2.987665e-02 9.995528e-01 -1.263660e-03 4.435666e-01 2.122122e-01 7.578420e-03 9.771942e-01 2.014963e+01
9.758549e-01 3.002705e-02 -2.163458e-01 -3.730668e+00 -3.085591e-02 9.995237e-01 -4.536204e-04 4.695788e-01 2.162291e-01 7.118215e-03 9.763167e-01 2.072388e+01
9.748122e-01 3.052022e-02 -2.209293e-01 -3.862453e+00 -3.129730e-02 9.995101e-01 -1.680620e-05 4.986802e-01 2.208206e-01 6.930873e-03 9.752898e-01 2.130775e+01
9.738824e-01 2.957454e-02 -2.251188e-01 -3.995937e+00 -3.040068e-02 9.995378e-01 -2.035342e-04 5.200481e-01 2.250087e-01 7.041982e-03 9.743313e-01 2.190236e+01
9.728229e-01 2.909693e-02 -2.297151e-01 -4.150373e+00 -3.014585e-02 9.995450e-01 -1.057285e-03 5.442374e-01 2.295798e-01 7.953508e-03 9.732573e-01 2.256549e+01
9.717534e-01 2.981678e-02 -2.341075e-01 -4.297939e+00 -3.104168e-02 9.995169e-01 -1.548307e-03 5.627225e-01 2.339483e-01 8.771662e-03 9.722095e-01 2.317918e+01
9.706064e-01 3.184952e-02 -2.385559e-01 -4.468865e+00 -3.305331e-02 9.994530e-01 -1.046481e-03 5.871911e-01 2.383921e-01 8.900781e-03 9.711282e-01 2.386861e+01
9.695369e-01 3.275178e-02 -2.427459e-01 -4.627875e+00 -3.364125e-02 9.994339e-01 4.812128e-04 6.125145e-01 2.426243e-01 7.699723e-03 9.700898e-01 2.451135e+01
9.685255e-01 3.274790e-02 -2.467508e-01 -4.788078e+00 -3.313088e-02 9.994476e-01 2.600686e-03 6.345664e-01 2.466997e-01 5.656241e-03 9.690755e-01 2.515823e+01
9.675920e-01 3.282865e-02 -2.503758e-01 -4.954121e+00 -3.275466e-02 9.994535e-01 4.463552e-03 6.590554e-01 2.503855e-01 3.882076e-03 9.681384e-01 2.580667e+01
9.665966e-01 3.377700e-02 -2.540670e-01 -5.139128e+00 -3.341805e-02 9.994250e-01 5.729996e-03 6.807751e-01 2.541145e-01 2.951830e-03 9.671697e-01 2.651737e+01
9.655743e-01 3.545959e-02 -2.576992e-01 -5.313121e+00 -3.502534e-02 9.993667e-01 6.276998e-03 7.032061e-01 2.577586e-01 2.965095e-03 9.662048e-01 2.716403e+01
9.644737e-01 3.701806e-02 -2.615726e-01 -5.504641e+00 -3.614561e-02 9.993133e-01 8.147491e-03 7.227669e-01 2.616946e-01 1.596661e-03 9.651494e-01 2.787572e+01
9.634515e-01 3.778228e-02 -2.652050e-01 -5.681443e+00 -3.653577e-02 9.992859e-01 9.633557e-03 7.419137e-01 2.653796e-01 4.080031e-04 9.641439e-01 2.852404e+01
9.625369e-01 3.667531e-02 -2.686590e-01 -5.858794e+00 -3.513401e-02 9.993270e-01 1.054440e-02 7.585234e-01 2.688649e-01 -7.103043e-04 9.631776e-01 2.917027e+01
9.614855e-01 3.635500e-02 -2.724408e-01 -6.057888e+00 -3.482187e-02 9.993388e-01 1.046188e-02 7.768505e-01 2.726410e-01 -5.720452e-04 9.621157e-01 2.988038e+01
9.605077e-01 3.559397e-02 -2.759673e-01 -6.239813e+00 -3.478275e-02 9.993642e-01 7.835115e-03 7.917878e-01 2.760707e-01 2.073215e-03 9.611351e-01 3.052359e+01
9.594664e-01 3.384569e-02 -2.797832e-01 -6.424322e+00 -3.435957e-02 9.994048e-01 3.069144e-03 8.039165e-01 2.797206e-01 6.668492e-03 9.600583e-01 3.116470e+01
9.581932e-01 3.097443e-02 -2.844403e-01 -6.621508e+00 -3.307669e-02 9.994495e-01 -2.589223e-03 8.151285e-01 2.842035e-01 1.188932e-02 9.586903e-01 3.187481e+01
9.567558e-01 2.731290e-02 -2.896072e-01 -6.802576e+00 -3.043740e-02 9.995169e-01 -6.289381e-03 8.277557e-01 2.892955e-01 1.483229e-02 9.571249e-01 3.252186e+01
9.551128e-01 2.366568e-02 -2.952957e-01 -6.992846e+00 -2.708670e-02 9.996050e-01 -7.499330e-03 8.519148e-01 2.950016e-01 1.516129e-02 9.553765e-01 3.317107e+01
9.528765e-01 2.246945e-02 -3.025251e-01 -7.209624e+00 -2.486627e-02 9.996825e-01 -4.072940e-03 8.680181e-01 3.023376e-01 1.140368e-02 9.531327e-01 3.388421e+01
9.503231e-01 2.343253e-02 -3.103818e-01 -7.416234e+00 -2.474989e-02 9.996936e-01 -3.061894e-04 8.861952e-01 3.102796e-01 7.972893e-03 9.506119e-01 3.453116e+01
9.470516e-01 2.455829e-02 -3.201409e-01 -7.650243e+00 -2.469757e-02 9.996884e-01 3.625801e-03 9.016113e-01 3.201302e-01 4.472884e-03 9.473630e-01 3.523829e+01
9.437471e-01 2.524159e-02 -3.297032e-01 -7.872297e+00 -2.455678e-02 9.996789e-01 6.242289e-03 9.181364e-01 3.297549e-01 2.205307e-03 9.440640e-01 3.587788e+01
9.403154e-01 2.554530e-02 -3.393441e-01 -8.102796e+00 -2.447187e-02 9.996728e-01 7.442823e-03 9.330706e-01 3.394232e-01 1.305783e-03 9.406329e-01 3.651383e+01
9.363859e-01 2.569018e-02 -3.500306e-01 -8.366730e+00 -2.504414e-02 9.996660e-01 6.372659e-03 9.501495e-01 3.500774e-01 2.798947e-03 9.367166e-01 3.720899e+01
9.324405e-01 2.606954e-02 -3.603819e-01 -8.613792e+00 -2.618627e-02 9.996467e-01 4.559583e-03 9.645503e-01 3.603734e-01 5.185518e-03 9.327937e-01 3.783944e+01
9.280899e-01 2.687276e-02 -3.713851e-01 -8.869525e+00 -2.732642e-02 9.996184e-01 4.042005e-03 9.796674e-01 3.713520e-01 6.397281e-03 9.284701e-01 3.846980e+01
9.234749e-01 2.226983e-02 -3.830119e-01 -9.155761e+00 -2.223567e-02 9.997426e-01 4.516897e-03 9.970527e-01 3.830139e-01 4.345285e-03 9.237323e-01 3.916428e+01
9.186793e-01 2.298964e-02 -3.943346e-01 -9.426518e+00 -2.319632e-02 9.997219e-01 4.243282e-03 1.008588e+00 3.943225e-01 5.248897e-03 9.189571e-01 3.979251e+01
9.142790e-01 2.033104e-02 -4.045746e-01 -9.704939e+00 -2.096892e-02 9.997761e-01 2.854980e-03 1.016762e+00 4.045421e-01 5.873244e-03 9.145005e-01 4.041798e+01
9.089819e-01 2.034381e-02 -4.163389e-01 -1.002011e+01 -2.243923e-02 9.997482e-01 -1.396983e-04 1.031041e+00 4.162312e-01 9.469309e-03 9.092095e-01 4.110246e+01
9.039148e-01 1.346138e-02 -4.275006e-01 -1.029918e+01 -1.728528e-02 9.998378e-01 -5.064845e-03 1.064251e+00 4.273631e-01 1.196765e-02 9.040009e-01 4.171757e+01
8.983497e-01 1.308815e-02 -4.390860e-01 -1.062493e+01 -1.500256e-02 9.998871e-01 -8.901841e-04 1.089642e+00 4.390248e-01 7.387110e-03 8.984446e-01 4.240240e+01
8.932955e-01 1.332600e-02 -4.492723e-01 -1.092898e+01 -1.229981e-02 9.999108e-01 5.202747e-03 1.113183e+00 4.493016e-01 8.783769e-04 8.933797e-01 4.302536e+01
8.879635e-01 1.499773e-02 -4.596693e-01 -1.124490e+01 -1.120598e-02 9.998770e-01 1.097612e-02 1.135961e+00 4.597774e-01 -4.595350e-03 8.880223e-01 4.364690e+01
8.820602e-01 1.579422e-02 -4.708719e-01 -1.160081e+01 -1.071135e-02 9.998519e-01 1.347251e-02 1.162051e+00 4.710150e-01 -6.839891e-03 8.820987e-01 4.432359e+01
8.764980e-01 1.495408e-02 -4.811732e-01 -1.193655e+01 -1.047203e-02 9.998732e-01 1.199874e-02 1.181123e+00 4.812916e-01 -5.478007e-03 8.765434e-01 4.493366e+01
8.708431e-01 1.201107e-02 -4.914143e-01 -1.227868e+01 -8.614304e-03 9.999208e-01 9.174367e-03 1.198630e+00 4.914856e-01 -3.756240e-03 8.708776e-01 4.554724e+01
8.645973e-01 7.839043e-03 -5.024043e-01 -1.264948e+01 -4.710075e-03 9.999608e-01 7.496790e-03 1.195966e+00 5.024434e-01 -4.115340e-03 8.646003e-01 4.622491e+01
8.587873e-01 8.053632e-03 -5.122690e-01 -1.300092e+01 -3.790617e-03 9.999490e-01 9.365957e-03 1.199793e+00 5.123183e-01 -6.101548e-03 8.587740e-01 4.684027e+01
8.533204e-01 1.114146e-02 -5.212679e-01 -1.336343e+01 -5.418910e-03 9.999072e-01 1.250098e-02 1.196907e+00 5.213588e-01 -7.842637e-03 8.533015e-01 4.745260e+01
8.475182e-01 1.140226e-02 -5.306438e-01 -1.377296e+01 -3.986948e-03 9.998778e-01 1.511721e-02 1.201495e+00 5.307513e-01 -1.069646e-02 8.474601e-01 4.812197e+01
8.424487e-01 8.971081e-03 -5.387019e-01 -1.414691e+01 -1.445194e-03 9.998954e-01 1.439134e-02 1.206438e+00 5.387747e-01 -1.134543e-02 8.423735e-01 4.872809e+01
8.375428e-01 7.253710e-03 -5.463236e-01 -1.456753e+01 -9.583161e-04 9.999298e-01 1.180724e-02 1.219602e+00 5.463710e-01 -9.365512e-03 8.374909e-01 4.939186e+01
8.334646e-01 7.519118e-03 -5.525218e-01 -1.495762e+01 -1.784789e-03 9.999388e-01 1.091559e-02 1.227121e+00 5.525701e-01 -8.111619e-03 8.334270e-01 4.999469e+01
8.296614e-01 4.705050e-03 -5.582471e-01 -1.535011e+01 3.281536e-04 9.999602e-01 8.915622e-03 1.237659e+00 5.582669e-01 -7.580136e-03 8.296268e-01 5.059987e+01
8.257841e-01 3.916517e-03 -5.639727e-01 -1.579290e+01 1.432294e-03 9.999581e-01 9.041430e-03 1.246452e+00 5.639845e-01 -8.274042e-03 8.257439e-01 5.126417e+01
8.233059e-01 4.754255e-03 -5.675780e-01 -1.620172e+01 6.057958e-04 9.999570e-01 9.254776e-03 1.256102e+00 5.675976e-01 -7.963345e-03 8.232676e-01 5.186805e+01
8.212973e-01 5.810454e-03 -5.704708e-01 -1.661364e+01 -2.812515e-05 9.999485e-01 1.014435e-02 1.266111e+00 5.705005e-01 -8.315481e-03 8.212552e-01 5.247436e+01
8.196661e-01 6.989199e-03 -5.727990e-01 -1.706963e+01 -4.292584e-04 9.999328e-01 1.158676e-02 1.279141e+00 5.728415e-01 -9.251390e-03 8.196140e-01 5.314445e+01
8.186578e-01 9.889341e-03 -5.741965e-01 -1.748569e+01 -2.423233e-03 9.999023e-01 1.376633e-02 1.300672e+00 5.742765e-01 -9.878497e-03 8.186018e-01 5.375986e+01
8.179734e-01 1.291526e-02 -5.751110e-01 -1.790768e+01 -5.115686e-03 9.998717e-01 1.517814e-02 1.325325e+00 5.752333e-01 -9.473224e-03 8.179345e-01 5.437506e+01
8.170561e-01 1.546010e-02 -5.763509e-01 -1.837325e+01 -7.891311e-03 9.998467e-01 1.563299e-02 1.349666e+00 5.765042e-01 -8.224865e-03 8.170528e-01 5.505363e+01
8.164177e-01 1.562129e-02 -5.772505e-01 -1.879657e+01 -8.826442e-03 9.998548e-01 1.457419e-02 1.376673e+00 5.773944e-01 -6.803554e-03 8.164371e-01 5.567201e+01
8.156963e-01 1.597414e-02 -5.782598e-01 -1.926300e+01 -9.591846e-03 9.998547e-01 1.409020e-02 1.401509e+00 5.784009e-01 -5.946739e-03 8.157310e-01 5.635316e+01
8.151534e-01 1.670818e-02 -5.790040e-01 -1.968962e+01 -1.048156e-02 9.998457e-01 1.409579e-02 1.420558e+00 5.791502e-01 -5.421364e-03 8.152028e-01 5.697089e+01
8.148872e-01 1.599310e-02 -5.793988e-01 -2.011531e+01 -1.004302e-02 9.998588e-01 1.347416e-02 1.438405e+00 5.795325e-01 -5.161008e-03 8.149328e-01 5.758749e+01
8.147171e-01 1.534850e-02 -5.796555e-01 -2.058282e+01 -9.676921e-03 9.998703e-01 1.287412e-02 1.459612e+00 5.797779e-01 -4.879483e-03 8.147599e-01 5.826527e+01
8.147560e-01 1.522882e-02 -5.796040e-01 -2.100536e+01 -9.234144e-03 9.998690e-01 1.329055e-02 1.477899e+00 5.797305e-01 -5.476408e-03 8.147899e-01 5.888194e+01
8.149553e-01 1.573748e-02 -5.793100e-01 -2.148469e+01 -8.753875e-03 9.998515e-01 1.484719e-02 1.478939e+00 5.794577e-01 -7.028589e-03 8.149720e-01 5.954569e+01
8.152119e-01 1.738320e-02 -5.789018e-01 -2.191847e+01 -1.021314e-02 9.998255e-01 1.564046e-02 1.484273e+00 5.790727e-01 -6.837882e-03 8.152472e-01 6.014753e+01
8.157035e-01 1.831521e-02 -5.781802e-01 -2.235010e+01 -1.105829e-02 9.998097e-01 1.607016e-02 1.491823e+00 5.783645e-01 -6.714798e-03 8.157508e-01 6.074872e+01
8.161213e-01 1.918357e-02 -5.775621e-01 -2.277985e+01 -1.197447e-02 9.997956e-01 1.628747e-02 1.494629e+00 5.777565e-01 -6.376548e-03 8.161843e-01 6.134906e+01
8.166714e-01 2.014104e-02 -5.767514e-01 -2.323996e+01 -1.323796e-02 9.997816e-01 1.616915e-02 1.496171e+00 5.769511e-01 -5.569874e-03 8.167597e-01 6.201778e+01
8.172293e-01 2.146562e-02 -5.759127e-01 -2.365801e+01 -1.479536e-02 9.997582e-01 1.626850e-02 1.494251e+00 5.761227e-01 -4.774261e-03 8.173493e-01 6.262313e+01
8.176932e-01 2.184590e-02 -5.752396e-01 -2.411577e+01 -1.541461e-02 9.997523e-01 1.605605e-02 1.500645e+00 5.754478e-01 -4.261828e-03 8.178274e-01 6.328613e+01
8.182414e-01 2.159247e-02 -5.744692e-01 -2.452994e+01 -1.452421e-02 9.997519e-01 1.689004e-02 1.503449e+00 5.746913e-01 -5.476421e-03 8.183519e-01 6.388846e+01
8.187984e-01 2.124367e-02 -5.736880e-01 -2.493933e+01 -1.321360e-02 9.997477e-01 1.816152e-02 1.511052e+00 5.739291e-01 -7.290137e-03 8.188725e-01 6.449084e+01
8.193117e-01 1.938590e-02 -5.730205e-01 -2.538523e+01 -1.080132e-02 9.997727e-01 1.837953e-02 1.519271e+00 5.732466e-01 -8.869182e-03 8.193349e-01 6.515335e+01
8.196804e-01 1.687432e-02 -5.725725e-01 -2.578550e+01 -8.649055e-03 9.998167e-01 1.708389e-02 1.528259e+00 5.727559e-01 -9.051113e-03 8.196760e-01 6.575166e+01
8.197909e-01 1.434786e-02 -5.724833e-01 -2.618804e+01 -6.864245e-03 9.998605e-01 1.522946e-02 1.533957e+00 5.726219e-01 -8.555307e-03 8.197749e-01 6.634031e+01
8.196308e-01 1.287571e-02 -5.727474e-01 -2.663483e+01 -6.626617e-03 9.998936e-01 1.299520e-02 1.539948e+00 5.728538e-01 -6.855885e-03 8.196289e-01 6.698855e+01
8.194728e-01 1.226413e-02 -5.729868e-01 -2.704378e+01 -6.397827e-03 9.999045e-01 1.225179e-02 1.549238e+00 5.730823e-01 -6.374139e-03 8.194730e-01 6.758546e+01
8.191370e-01 1.370620e-02 -5.734341e-01 -2.745694e+01 -6.956333e-03 9.998783e-01 1.396210e-02 1.564739e+00 5.735557e-01 -7.447870e-03 8.191327e-01 6.818707e+01
8.183703e-01 1.552800e-02 -5.744815e-01 -2.791402e+01 -7.583860e-03 9.998397e-01 1.622177e-02 1.588233e+00 5.746413e-01 -8.918623e-03 8.183568e-01 6.885630e+01
8.173455e-01 1.662822e-02 -5.759079e-01 -2.833798e+01 -8.840153e-03 9.998277e-01 1.632189e-02 1.609299e+00 5.760801e-01 -8.249505e-03 8.173516e-01 6.946125e+01
8.159275e-01 1.153594e-02 -5.780391e-01 -2.879873e+01 -4.927201e-03 9.999034e-01 1.300014e-02 1.629962e+00 5.781332e-01 -7.759057e-03 8.159055e-01 7.013241e+01
8.143215e-01 3.091378e-03 -5.804059e-01 -2.921664e+01 1.253569e-03 9.999741e-01 7.084882e-03 1.639268e+00 5.804128e-01 -6.496948e-03 8.142965e-01 7.074249e+01
8.124651e-01 -3.959667e-03 -5.829963e-01 -2.963902e+01 6.294300e-03 9.999782e-01 1.979975e-03 1.648531e+00 5.829758e-01 -5.278212e-03 8.124724e-01 7.135690e+01
8.103853e-01 -7.013614e-03 -5.858553e-01 -3.011748e+01 8.673159e-03 9.999624e-01 2.602995e-05 1.656354e+00 5.858331e-01 -5.102309e-03 8.104157e-01 7.203442e+01
8.085197e-01 -8.150892e-03 -5.884127e-01 -3.055769e+01 1.286593e-02 9.999099e-01 3.827587e-03 1.662040e+00 5.883285e-01 -1.066515e-02 8.085517e-01 7.265904e+01
8.067376e-01 -1.137513e-02 -5.908003e-01 -3.099969e+01 1.846571e-02 9.998117e-01 5.964772e-03 1.667339e+00 5.906212e-01 -1.572155e-02 8.067958e-01 7.328721e+01
8.051198e-01 -1.108256e-02 -5.930086e-01 -3.149658e+01 1.866327e-02 9.998037e-01 6.653831e-03 1.685453e+00 5.928185e-01 -1.642461e-02 8.051686e-01 7.397162e+01
8.037322e-01 -9.442780e-03 -5.949162e-01 -3.195564e+01 1.449368e-02 9.998881e-01 3.710299e-03 1.704310e+00 5.948146e-01 -1.160461e-02 8.037791e-01 7.459099e+01
8.025539e-01 -1.750411e-03 -5.965771e-01 -3.242932e+01 5.795314e-03 9.999714e-01 4.862224e-03 1.720976e+00 5.965515e-01 -7.359546e-03 8.025411e-01 7.521063e+01
8.014019e-01 2.709525e-03 -5.981201e-01 -3.295190e+01 5.737288e-04 9.999858e-01 5.298726e-03 1.738219e+00 5.981260e-01 -4.589566e-03 8.013889e-01 7.590196e+01
8.006439e-01 5.943477e-03 -5.991111e-01 -3.343063e+01 -3.378538e-03 9.999797e-01 5.405261e-03 1.751055e+00 5.991310e-01 -2.303568e-03 8.006477e-01 7.653246e+01
8.001134e-01 8.832434e-03 -5.997837e-01 -3.395958e+01 -9.393913e-03 9.999535e-01 2.193838e-03 1.764545e+00 5.997752e-01 3.878998e-03 8.001591e-01 7.723015e+01
8.000132e-01 9.207527e-03 -5.999118e-01 -3.444354e+01 -1.303604e-02 9.999130e-01 -2.037427e-03 1.778302e+00 5.998408e-01 9.450443e-03 8.000636e-01 7.786757e+01
7.994473e-01 9.561563e-03 -6.006602e-01 -3.492987e+01 -1.366150e-02 9.999041e-01 -2.265841e-03 1.790572e+00 6.005809e-01 1.001734e-02 7.995012e-01 7.851775e+01
7.992869e-01 1.169784e-02 -6.008357e-01 -3.547126e+01 -1.216825e-02 9.999206e-01 3.280412e-03 1.803472e+00 6.008264e-01 4.689133e-03 7.993658e-01 7.924401e+01
7.996284e-01 1.280260e-02 -6.003586e-01 -3.596454e+01 -1.031627e-02 9.999180e-01 7.582748e-03 1.813700e+00 6.004065e-01 1.300815e-04 7.996950e-01 7.991235e+01
7.999745e-01 1.431735e-02 -5.998632e-01 -3.651348e+01 -1.077696e-02 9.998969e-01 9.493145e-03 1.830728e+00 5.999372e-01 -1.129573e-03 8.000463e-01 8.065047e+01
8.002643e-01 1.405639e-02 -5.994826e-01 -3.701583e+01 -1.057061e-02 9.999006e-01 9.334230e-03 1.854823e+00 5.995543e-01 -1.132950e-03 8.003333e-01 8.132929e+01
8.005674e-01 1.462347e-02 -5.990642e-01 -3.752584e+01 -1.126840e-02 9.998928e-01 9.349237e-03 1.879504e+00 5.991367e-01 -7.342002e-04 8.006464e-01 8.201172e+01
8.007727e-01 1.596604e-02 -5.987555e-01 -3.804794e+01 -1.291170e-02 9.998725e-01 9.393930e-03 1.909611e+00 5.988292e-01 2.085524e-04 8.008767e-01 8.269709e+01
8.007404e-01 1.714267e-02 -5.987662e-01 -3.861981e+01 -1.440135e-02 9.998524e-01 9.366597e-03 1.937538e+00 5.988384e-01 1.122832e-03 8.008691e-01 8.345846e+01
8.006283e-01 1.642681e-02 -5.989361e-01 -3.914419e+01 -1.397015e-02 9.998641e-01 8.748320e-03 1.964854e+00 5.989985e-01 1.363077e-03 8.007490e-01 8.415634e+01
8.002298e-01 1.666981e-02 -5.994617e-01 -3.966937e+01 -1.458738e-02 9.998589e-01 8.331144e-03 1.990058e+00 5.995160e-01 2.077748e-03 8.003601e-01 8.485999e+01
7.992668e-01 1.724775e-02 -6.007288e-01 -4.025230e+01 -1.471357e-02 9.998501e-01 9.130733e-03 2.024236e+00 6.007962e-01 1.540976e-03 7.994007e-01 8.564165e+01
7.978250e-01 1.744156e-02 -6.026367e-01 -4.078483e+01 -1.359319e-02 9.998477e-01 1.094179e-02 2.045708e+00 6.027358e-01 -5.378753e-04 7.979406e-01 8.635663e+01
7.964336e-01 1.902036e-02 -6.044267e-01 -4.137795e+01 -1.370709e-02 9.998162e-01 1.340127e-02 2.065222e+00 6.045706e-01 -2.388288e-03 7.965480e-01 8.714425e+01
7.952003e-01 2.059436e-02 -6.059970e-01 -4.191756e+01 -1.503497e-02 9.997855e-01 1.424782e-02 2.083983e+00 6.061604e-01 -2.218720e-03 7.953393e-01 8.785669e+01
7.938593e-01 2.192289e-02 -6.077062e-01 -4.245948e+01 -1.700730e-02 9.997594e-01 1.384917e-02 2.104131e+00 6.078637e-01 -6.588492e-04 7.940412e-01 8.856820e+01
7.927917e-01 2.118940e-02 -6.091243e-01 -4.306049e+01 -1.637480e-02 9.997752e-01 1.346661e-02 2.125486e+00 6.092727e-01 -7.019268e-04 7.929605e-01 8.935214e+01
7.919512e-01 2.037267e-02 -6.102444e-01 -4.360535e+01 -1.523034e-02 9.997914e-01 1.361215e-02 2.144615e+00 6.103944e-01 -1.485926e-03 7.920962e-01 9.006679e+01
7.912259e-01 2.018881e-02 -6.111906e-01 -4.415387e+01 -1.412478e-02 9.997916e-01 1.473962e-02 2.163861e+00 6.113608e-01 -3.029434e-03 7.913462e-01 9.078282e+01
7.902364e-01 2.132079e-02 -6.124311e-01 -4.475645e+01 -1.466608e-02 9.997663e-01 1.588120e-02 2.186701e+00 6.126266e-01 -3.567931e-03 7.903644e-01 9.156839e+01
7.895655e-01 2.092481e-02 -6.133094e-01 -4.530805e+01 -1.334349e-02 9.997676e-01 1.693173e-02 2.205763e+00 6.135212e-01 -5.185023e-03 7.896612e-01 9.228222e+01
7.886409e-01 1.995869e-02 -6.145301e-01 -4.591641e+01 -1.241316e-02 9.997861e-01 1.654094e-02 2.221552e+00 6.147288e-01 -5.416598e-03 7.887200e-01 9.305402e+01
7.880792e-01 2.086258e-02 -6.152202e-01 -4.647655e+01 -1.447735e-02 9.997772e-01 1.535815e-02 2.233810e+00 6.154036e-01 -3.196677e-03 7.882057e-01 9.374890e+01
7.877523e-01 2.122751e-02 -6.156262e-01 -4.703728e+01 -1.610961e-02 9.997742e-01 1.385961e-02 2.253442e+00 6.157814e-01 -1.000436e-03 7.879164e-01 9.444833e+01
7.875618e-01 2.256318e-02 -6.158224e-01 -4.766574e+01 -1.828026e-02 9.997451e-01 1.325154e-02 2.284243e+00 6.159645e-01 8.209875e-04 7.877735e-01 9.521690e+01
7.879873e-01 2.481572e-02 -6.151912e-01 -4.823595e+01 -2.179898e-02 9.996854e-01 1.240363e-02 2.305790e+00 6.153055e-01 3.636635e-03 7.882804e-01 9.591623e+01
7.887532e-01 2.654380e-02 -6.141366e-01 -4.880392e+01 -2.511468e-02 9.996246e-01 1.094961e-02 2.327031e+00 6.141968e-01 6.787307e-03 7.891237e-01 9.661788e+01
7.897381e-01 2.975296e-02 -6.127222e-01 -4.943734e+01 -3.081838e-02 9.994862e-01 8.811862e-03 2.335664e+00 6.126696e-01 1.192405e-02 7.902492e-01 9.737496e+01
7.910156e-01 3.247028e-02 -6.109337e-01 -5.000739e+01 -3.484205e-02 9.993608e-01 8.002377e-03 2.345587e+00 6.108030e-01 1.495618e-02 7.916413e-01 9.807333e+01
7.923360e-01 3.463861e-02 -6.091009e-01 -5.057918e+01 -3.718299e-02 9.992727e-01 8.458374e-03 2.354524e+00 6.089508e-01 1.594631e-02 7.930477e-01 9.877459e+01
7.938050e-01 3.728658e-02 -6.070282e-01 -5.120152e+01 -3.949514e-02 9.991724e-01 9.726551e-03 2.366574e+00 6.068886e-01 1.625368e-02 7.946207e-01 9.955839e+01
7.952257e-01 3.772062e-02 -6.051391e-01 -5.177024e+01 -3.959985e-02 9.991631e-01 1.024267e-02 2.375594e+00 6.050190e-01 1.581818e-02 7.960539e-01 1.002710e+02
7.965593e-01 3.762460e-02 -6.033885e-01 -5.238738e+01 -3.919153e-02 9.991759e-01 1.056570e-02 2.391570e+00 6.032887e-01 1.523151e-02 7.973774e-01 1.010678e+02
7.980143e-01 3.635881e-02 -6.015406e-01 -5.295084e+01 -3.700402e-02 9.992511e-01 1.130738e-02 2.405655e+00 6.015013e-01 1.323597e-02 7.987622e-01 1.017947e+02
7.993008e-01 3.443870e-02 -5.999434e-01 -5.350939e+01 -3.378957e-02 9.993527e-01 1.234845e-02 2.421924e+00 5.999804e-01 1.040170e-02 7.999471e-01 1.025312e+02
8.002676e-01 3.365912e-02 -5.986975e-01 -5.413072e+01 -3.286593e-02 9.993846e-01 1.225472e-02 2.437742e+00 5.987416e-01 9.869699e-03 8.008814e-01 1.033394e+02
8.010144e-01 3.135194e-02 -5.978236e-01 -5.469238e+01 -3.238927e-02 9.994347e-01 9.015962e-03 2.451548e+00 5.977683e-01 1.214115e-02 8.015770e-01 1.040771e+02
8.015542e-01 2.741901e-02 -5.972932e-01 -5.525237e+01 -3.123815e-02 9.995041e-01 3.961782e-03 2.463948e+00 5.971056e-01 1.548275e-02 8.020132e-01 1.048177e+02
8.022254e-01 2.185879e-02 -5.966210e-01 -5.586739e+01 -2.764424e-02 9.996177e-01 -5.472087e-04 2.471243e+00 5.963809e-01 1.693211e-02 8.025230e-01 1.056332e+02
8.027075e-01 2.299692e-02 -5.959293e-01 -5.643080e+01 -2.782311e-02 9.996123e-01 1.097762e-03 2.472735e+00 5.957235e-01 1.569942e-02 8.030361e-01 1.063796e+02
8.030123e-01 2.491075e-02 -5.954416e-01 -5.699978e+01 -2.749115e-02 9.996108e-01 4.744929e-03 2.467210e+00 5.953281e-01 1.255914e-02 8.033846e-01 1.071266e+02
8.031376e-01 2.453929e-02 -5.952879e-01 -5.762190e+01 -2.586147e-02 9.996456e-01 6.316748e-03 2.472077e+00 5.952320e-01 1.032180e-02 8.034876e-01 1.079560e+02
8.031350e-01 2.567379e-02 -5.952436e-01 -5.819173e+01 -2.729547e-02 9.996076e-01 6.286121e-03 2.474520e+00 5.951715e-01 1.119885e-02 8.035207e-01 1.087052e+02
8.032865e-01 2.779630e-02 -5.949438e-01 -5.881968e+01 -2.985866e-02 9.995337e-01 6.384275e-03 2.483631e+00 5.948439e-01 1.263583e-02 8.037419e-01 1.095341e+02
8.033213e-01 2.982222e-02 -5.947988e-01 -5.939283e+01 -3.150084e-02 9.994751e-01 7.567719e-03 2.489246e+00 5.947123e-01 1.265735e-02 8.038390e-01 1.102871e+02
8.034587e-01 3.184104e-02 -5.945084e-01 -5.996681e+01 -3.278605e-02 9.994199e-01 9.218254e-03 2.495870e+00 5.944570e-01 1.208510e-02 8.040366e-01 1.110434e+02
8.036056e-01 3.303454e-02 -5.942447e-01 -6.061005e+01 -3.308752e-02 9.993940e-01 1.081239e-02 2.501369e+00 5.942418e-01 1.097319e-02 8.042116e-01 1.118710e+02
8.036810e-01 3.233070e-02 -5.941814e-01 -6.118860e+01 -3.269748e-02 9.994137e-01 1.015414e-02 2.510528e+00 5.941613e-01 1.126754e-02 8.042670e-01 1.126269e+02
8.036949e-01 3.114289e-02 -5.942261e-01 -6.176172e+01 -3.230036e-02 9.994404e-01 8.693394e-03 2.522658e+00 5.941643e-01 1.220688e-02 8.042510e-01 1.133835e+02
8.034957e-01 3.031286e-02 -5.945383e-01 -6.239185e+01 -3.149266e-02 9.994687e-01 8.397344e-03 2.535806e+00 5.944770e-01 1.197636e-02 8.040234e-01 1.142167e+02
8.030823e-01 3.010135e-02 -5.951073e-01 -6.296657e+01 -3.003859e-02 9.994985e-01 1.001971e-02 2.546733e+00 5.951105e-01 9.829536e-03 8.035838e-01 1.149777e+02
8.024027e-01 3.105826e-02 -5.959743e-01 -6.354458e+01 -2.945542e-02 9.994888e-01 1.242885e-02 2.556835e+00 5.960557e-01 7.581729e-03 8.029073e-01 1.157371e+02
8.017103e-01 3.106044e-02 -5.969053e-01 -6.417962e+01 -2.853733e-02 9.994991e-01 1.368092e-02 2.573719e+00 5.970312e-01 6.065952e-03 8.021951e-01 1.165750e+02
8.009653e-01 3.112170e-02 -5.979013e-01 -6.475921e+01 -2.822015e-02 9.995006e-01 1.422107e-02 2.589913e+00 5.980453e-01 5.482284e-03 8.014436e-01 1.173346e+02
8.001192e-01 3.047974e-02 -5.990661e-01 -6.539806e+01 -2.634652e-02 9.995301e-01 1.566617e-02 2.606451e+00 5.992622e-01 3.248508e-03 8.005463e-01 1.181744e+02
7.994629e-01 2.978865e-02 -5.999764e-01 -6.598143e+01 -2.353070e-02 9.995561e-01 1.827323e-02 2.622174e+00 6.002545e-01 -4.909048e-04 7.998089e-01 1.189395e+02
7.986961e-01 3.101248e-02 -6.009349e-01 -6.656843e+01 -2.247121e-02 9.995116e-01 2.171561e-02 2.644086e+00 6.013149e-01 -3.840439e-03 7.990029e-01 1.197073e+02
7.977457e-01 3.130547e-02 -6.021808e-01 -6.721599e+01 -2.443132e-02 9.995094e-01 1.959568e-02 2.663731e+00 6.024989e-01 -9.202948e-04 7.981192e-01 1.205450e+02
7.969190e-01 2.478753e-02 -6.035774e-01 -6.780010e+01 -2.427752e-02 9.996647e-01 8.999691e-03 2.682323e+00 6.035982e-01 7.481337e-03 7.972536e-01 1.213021e+02
7.967195e-01 1.837523e-02 -6.040699e-01 -6.838614e+01 -2.651005e-02 9.996382e-01 -4.556568e-03 2.692559e+00 6.037676e-01 1.964423e-02 7.969183e-01 1.220554e+02
7.969662e-01 1.775264e-02 -6.037629e-01 -6.903943e+01 -2.934633e-02 9.995256e-01 -9.347730e-03 2.690650e+00 6.033106e-01 2.516805e-02 7.971091e-01 1.228917e+02
7.970343e-01 2.373245e-02 -6.034676e-01 -6.963875e+01 -3.142861e-02 9.995036e-01 -2.202286e-03 2.688456e+00 6.031158e-01 2.072144e-02 7.973845e-01 1.236628e+02
7.973330e-01 2.844646e-02 -6.028689e-01 -7.023525e+01 -3.081964e-02 9.995045e-01 6.400817e-03 2.691279e+00 6.027523e-01 1.347662e-02 7.978146e-01 1.244374e+02
7.973824e-01 3.378365e-02 -6.025280e-01 -7.089005e+01 -3.147356e-02 9.994011e-01 1.438432e-02 2.706593e+00 6.026531e-01 7.493894e-03 7.979681e-01 1.252886e+02
7.976654e-01 3.467375e-02 -6.021027e-01 -7.148163e+01 -3.005334e-02 9.993909e-01 1.773804e-02 2.714226e+00 6.023510e-01 3.946177e-03 7.982216e-01 1.260573e+02
7.977878e-01 3.333549e-02 -6.020160e-01 -7.206986e+01 -3.047840e-02 9.994236e-01 1.495139e-02 2.725710e+00 6.021675e-01 6.420450e-03 7.983440e-01 1.268217e+02
7.981589e-01 3.416536e-02 -6.014774e-01 -7.271990e+01 -3.363899e-02 9.993605e-01 1.212724e-02 2.743491e+00 6.015071e-01 1.055362e-02 7.987978e-01 1.276576e+02
7.982798e-01 3.367505e-02 -6.013445e-01 -7.330951e+01 -3.557540e-02 9.993288e-01 8.735971e-03 2.753997e+00 6.012351e-01 1.441932e-02 7.989421e-01 1.284192e+02
7.985653e-01 3.470606e-02 -6.009067e-01 -7.395738e+01 -3.608462e-02 9.993011e-01 9.761720e-03 2.763926e+00 6.008256e-01 1.388812e-02 7.992595e-01 1.292617e+02
7.990323e-01 3.583735e-02 -6.002192e-01 -7.454522e+01 -3.572930e-02 9.992882e-01 1.210056e-02 2.772690e+00 6.002256e-01 1.177667e-02 7.997440e-01 1.300283e+02
7.997663e-01 3.542530e-02 -5.992653e-01 -7.518833e+01 -3.462810e-02 9.993175e-01 1.286031e-02 2.783726e+00 5.993119e-01 1.046618e-02 8.004472e-01 1.308704e+02
8.004841e-01 3.444244e-02 -5.983635e-01 -7.579513e+01 -3.352472e-02 9.993575e-01 1.267509e-02 2.793181e+00 5.984156e-01 9.913763e-03 8.011245e-01 1.316421e+02
8.010076e-01 3.231892e-02 -5.977812e-01 -7.639678e+01 -3.132290e-02 9.994365e-01 1.206267e-02 2.803357e+00 5.978342e-01 9.061951e-03 8.015686e-01 1.324146e+02
8.015186e-01 2.965770e-02 -5.972339e-01 -7.700014e+01 -2.933302e-02 9.995170e-01 1.026804e-02 2.809650e+00 5.972500e-01 9.288652e-03 8.020014e-01 1.331865e+02
8.020880e-01 2.702479e-02 -5.965941e-01 -7.765319e+01 -2.746902e-02 9.995878e-01 8.349206e-03 2.817460e+00 5.965738e-01 9.691054e-03 8.024997e-01 1.340337e+02
8.024167e-01 2.514405e-02 -5.962342e-01 -7.825285e+01 -2.647204e-02 9.996282e-01 6.529478e-03 2.821153e+00 5.961767e-01 1.054417e-02 8.027840e-01 1.348053e+02
8.024942e-01 2.457311e-02 -5.961537e-01 -7.884866e+01 -2.604063e-02 9.996420e-01 6.150876e-03 2.827819e+00 5.960915e-01 1.058818e-02 8.028467e-01 1.355778e+02
8.022738e-01 2.552483e-02 -5.964103e-01 -7.950882e+01 -2.724122e-02 9.996101e-01 6.136650e-03 2.834085e+00 5.963344e-01 1.132367e-02 8.026563e-01 1.364278e+02
8.020395e-01 2.591797e-02 -5.967084e-01 -8.016657e+01 -2.776461e-02 9.995959e-01 6.098767e-03 2.835780e+00 5.966253e-01 1.167592e-02 8.024350e-01 1.372519e+02
8.017779e-01 2.676991e-02 -5.970223e-01 -8.076843e+01 -2.845600e-02 9.995732e-01 6.604622e-03 2.829428e+00 5.969443e-01 1.169342e-02 8.021975e-01 1.379954e+02
8.014878e-01 2.718570e-02 -5.973929e-01 -8.136630e+01 -2.887632e-02 9.995602e-01 6.745529e-03 2.830207e+00 5.973136e-01 1.184405e-02 8.019203e-01 1.387486e+02
8.012232e-01 2.710894e-02 -5.977511e-01 -8.196358e+01 -2.814330e-02 9.995749e-01 7.609102e-03 2.834359e+00 5.977033e-01 1.072610e-02 8.016456e-01 1.395048e+02
8.008732e-01 2.732282e-02 -5.982102e-01 -8.262227e+01 -2.647413e-02 9.995973e-01 1.021280e-02 2.839545e+00 5.982484e-01 7.657942e-03 8.012741e-01 1.403373e+02
8.005888e-01 2.650423e-02 -5.986277e-01 -8.321715e+01 -2.428807e-02 9.996356e-01 1.177662e-02 2.846452e+00 5.987217e-01 5.111283e-03 8.009408e-01 1.410978e+02
8.001558e-01 2.438190e-02 -5.992964e-01 -8.387057e+01 -2.172841e-02 9.996959e-01 1.166097e-02 2.850032e+00 5.993985e-01 3.691163e-03 8.004423e-01 1.419314e+02
7.996904e-01 2.095919e-02 -6.000466e-01 -8.446225e+01 -1.779943e-02 9.997788e-01 1.120000e-02 2.859053e+00 6.001487e-01 1.723958e-03 7.998866e-01 1.426920e+02
7.991871e-01 2.107144e-02 -6.007129e-01 -8.505878e+01 -1.787247e-02 9.997765e-01 1.129205e-02 2.865360e+00 6.008166e-01 1.711767e-03 7.993851e-01 1.434477e+02
7.987890e-01 2.095502e-02 -6.012462e-01 -8.565350e+01 -1.764813e-02 9.997793e-01 1.139843e-02 2.875391e+00 6.013523e-01 1.505929e-03 7.989825e-01 1.442046e+02
7.981531e-01 2.207707e-02 -6.020501e-01 -8.630662e+01 -1.889202e-02 9.997541e-01 1.161518e-02 2.880344e+00 6.021585e-01 2.103252e-03 7.983738e-01 1.450333e+02
7.976589e-01 2.553504e-02 -6.025680e-01 -8.696264e+01 -2.249240e-02 9.996678e-01 1.258828e-02 2.890155e+00 6.026893e-01 3.512045e-03 7.979682e-01 1.458590e+02
7.973514e-01 2.894927e-02 -6.028205e-01 -8.755946e+01 -2.554782e-02 9.995726e-01 1.421039e-02 2.898237e+00 6.029743e-01 4.070082e-03 7.977502e-01 1.466068e+02
7.972010e-01 3.117065e-02 -6.029088e-01 -8.815444e+01 -2.743705e-02 9.995050e-01 1.539600e-02 2.912338e+00 6.030902e-01 4.268329e-03 7.976616e-01 1.473551e+02
7.972061e-01 3.466909e-02 -6.027110e-01 -8.875034e+01 -3.121874e-02 9.993814e-01 1.619329e-02 2.926528e+00 6.028996e-01 5.906488e-03 7.977952e-01 1.481016e+02
7.972396e-01 3.762494e-02 -6.024893e-01 -8.940204e+01 -3.377594e-02 9.992725e-01 1.770996e-02 2.939618e+00 6.027174e-01 6.230562e-03 7.979304e-01 1.489244e+02
7.970543e-01 3.899715e-02 -6.026472e-01 -8.999127e+01 -3.405660e-02 9.992274e-01 1.961690e-02 2.955324e+00 6.029466e-01 4.888378e-03 7.977666e-01 1.496752e+02
7.970998e-01 3.954815e-02 -6.025511e-01 -9.057815e+01 -3.332715e-02 9.992133e-01 2.149523e-02 2.970316e+00 6.029272e-01 2.947472e-03 7.977908e-01 1.504265e+02
7.973141e-01 3.898309e-02 -6.023043e-01 -9.122392e+01 -3.287908e-02 9.992355e-01 2.114934e-02 2.991829e+00 6.026684e-01 2.940544e-03 7.979864e-01 1.512499e+02
7.972465e-01 3.703313e-02 -6.025168e-01 -9.180754e+01 -3.265169e-02 9.993008e-01 1.821658e-02 3.007366e+00 6.027701e-01 5.150092e-03 7.978983e-01 1.519958e+02
7.971302e-01 3.471777e-02 -6.028085e-01 -9.238945e+01 -3.247919e-02 9.993657e-01 1.460764e-02 3.020876e+00 6.029333e-01 7.934539e-03 7.977522e-01 1.527420e+02
7.971964e-01 3.205904e-02 -6.028682e-01 -9.302903e+01 -3.059568e-02 9.994513e-01 1.269048e-02 3.034525e+00 6.029443e-01 8.328353e-03 7.977398e-01 1.535647e+02
7.971663e-01 3.397868e-02 -6.028028e-01 -9.361538e+01 -3.172714e-02 9.993932e-01 1.437660e-02 3.048187e+00 6.029256e-01 7.664673e-03 7.977606e-01 1.543134e+02
7.972122e-01 3.506058e-02 -6.026802e-01 -9.425818e+01 -3.240271e-02 9.993582e-01 1.527551e-02 3.060602e+00 6.028290e-01 7.350650e-03 7.978366e-01 1.551362e+02
7.969252e-01 3.331650e-02 -6.031585e-01 -9.483943e+01 -3.212416e-02 9.994024e-01 1.275957e-02 3.072819e+00 6.032232e-01 9.207538e-03 7.975193e-01 1.558812e+02
7.964526e-01 3.022219e-02 -6.039453e-01 -9.541760e+01 -3.027190e-02 9.994907e-01 1.009474e-02 3.083119e+00 6.039428e-01 1.024259e-02 7.969619e-01 1.566272e+02
7.955091e-01 2.880535e-02 -6.052566e-01 -9.605626e+01 -2.992911e-02 9.995181e-01 8.232207e-03 3.089802e+00 6.052021e-01 1.156600e-02 7.959879e-01 1.574465e+02
7.946978e-01 2.712301e-02 -6.063989e-01 -9.663891e+01 -2.879974e-02 9.995609e-01 6.965737e-03 3.096852e+00 6.063216e-01 1.192847e-02 7.951301e-01 1.581886e+02
7.939210e-01 2.589733e-02 -6.074691e-01 -9.722180e+01 -2.734963e-02 9.996023e-01 6.870454e-03 3.105442e+00 6.074055e-01 1.115946e-02 7.943136e-01 1.589312e+02
7.932371e-01 2.935848e-02 -6.082048e-01 -9.786803e+01 -2.890591e-02 9.995265e-01 1.054799e-02 3.116639e+00 6.082265e-01 9.213659e-03 7.937101e-01 1.597473e+02
7.929546e-01 3.149654e-02 -6.084660e-01 -9.844917e+01 -3.050577e-02 9.994628e-01 1.198084e-02 3.119083e+00 6.085165e-01 9.061468e-03 7.934895e-01 1.604928e+02
7.927771e-01 2.899062e-02 -6.088219e-01 -9.908792e+01 -2.951111e-02 9.995224e-01 9.166956e-03 3.130430e+00 6.087969e-01 1.069966e-02 7.932540e-01 1.613042e+02
7.927371e-01 2.900981e-02 -6.088729e-01 -9.966818e+01 -3.119670e-02 9.994887e-01 7.003441e-03 3.137645e+00 6.087648e-01 1.344294e-02 7.932368e-01 1.620428e+02
7.930077e-01 2.825748e-02 -6.085559e-01 -1.002501e+02 -3.115222e-02 9.994977e-01 5.815965e-03 3.146001e+00 6.084146e-01 1.434576e-02 7.934897e-01 1.627790e+02
7.933378e-01 2.760068e-02 -6.081557e-01 -1.008275e+02 -3.029044e-02 9.995240e-01 5.848827e-03 3.150332e+00 6.080277e-01 1.378121e-02 7.937962e-01 1.635196e+02
7.938957e-01 2.746118e-02 -6.074335e-01 -1.014596e+02 -2.935524e-02 9.995458e-01 6.821671e-03 3.151939e+00 6.073449e-01 1.241566e-02 7.943413e-01 1.643398e+02
7.942944e-01 2.815001e-02 -6.068805e-01 -1.020353e+02 -2.839504e-02 9.995544e-01 9.200248e-03 3.157836e+00 6.068691e-01 9.924689e-03 7.947399e-01 1.650855e+02
7.948209e-01 2.903768e-02 -6.061489e-01 -1.026668e+02 -2.860206e-02 9.995370e-01 1.037818e-02 3.164510e+00 6.061696e-01 9.088308e-03 7.952835e-01 1.659042e+02
7.954081e-01 2.848585e-02 -6.054044e-01 -1.032422e+02 -2.886865e-02 9.995418e-01 9.102097e-03 3.173635e+00 6.053863e-01 1.023732e-02 7.958660e-01 1.666431e+02
7.961426e-01 2.688860e-02 -6.045113e-01 -1.038072e+02 -2.855758e-02 9.995687e-01 6.850337e-03 3.178006e+00 6.044348e-01 1.180953e-02 7.965671e-01 1.673893e+02
7.969284e-01 2.907563e-02 -6.033737e-01 -1.044370e+02 -2.997803e-02 9.995138e-01 8.570395e-03 3.187206e+00 6.033295e-01 1.125797e-02 7.974125e-01 1.682063e+02
7.975601e-01 3.556951e-02 -6.021899e-01 -1.050097e+02 -3.386419e-02 9.993259e-01 1.417629e-02 3.194020e+00 6.022882e-01 9.086229e-03 7.982270e-01 1.689512e+02
7.981820e-01 3.889172e-02 -6.011597e-01 -1.055804e+02 -3.634266e-02 9.992050e-01 1.638957e-02 3.203602e+00 6.013192e-01 8.765883e-03 7.989608e-01 1.696892e+02
7.990287e-01 3.386668e-02 -6.003384e-01 -1.061898e+02 -3.467560e-02 9.993463e-01 1.022382e-02 3.210595e+00 6.002922e-01 1.264797e-02 7.996808e-01 1.705007e+02
7.999286e-01 2.704978e-02 -5.994852e-01 -1.067376e+02 -3.327495e-02 9.994460e-01 6.959606e-04 3.215357e+00 5.991720e-01 1.939112e-02 8.003855e-01 1.712343e+02
8.008432e-01 2.264064e-02 -5.984460e-01 -1.073397e+02 -3.200883e-02 9.994750e-01 -5.021840e-03 3.213991e+00 5.980181e-01 2.317726e-02 8.011474e-01 1.720456e+02
8.014627e-01 2.337226e-02 -5.975879e-01 -1.078929e+02 -2.992981e-02 9.995515e-01 -1.047292e-03 3.212457e+00 5.972954e-01 1.872506e-02 8.018027e-01 1.727870e+02
8.022558e-01 2.513375e-02 -5.964510e-01 -1.084470e+02 -2.740184e-02 9.996106e-01 5.265613e-03 3.214656e+00 5.963512e-01 1.211949e-02 8.026322e-01 1.735287e+02
8.033347e-01 2.744819e-02 -5.948949e-01 -1.090504e+02 -2.689890e-02 9.995902e-01 9.796893e-03 3.217836e+00 5.949200e-01 8.131836e-03 8.037438e-01 1.743473e+02
8.042482e-01 2.963162e-02 -5.935543e-01 -1.095976e+02 -2.827012e-02 9.995331e-01 1.159388e-02 3.222400e+00 5.936207e-01 7.455491e-03 8.047104e-01 1.750885e+02
8.050270e-01 3.073085e-02 -5.924416e-01 -1.101365e+02 -2.993955e-02 9.994894e-01 1.116231e-02 3.226578e+00 5.924822e-01 8.751479e-03 8.055360e-01 1.758336e+02
8.058575e-01 2.976577e-02 -5.913608e-01 -1.107361e+02 -3.022763e-02 9.995015e-01 9.117571e-03 3.238331e+00 5.913374e-01 1.052797e-02 8.063555e-01 1.766459e+02
8.067442e-01 2.934873e-02 -5.901715e-01 -1.112775e+02 -2.953517e-02 9.995202e-01 9.331739e-03 3.247518e+00 5.901622e-01 9.902489e-03 8.072240e-01 1.773938e+02
8.075913e-01 2.924637e-02 -5.890170e-01 -1.118215e+02 -2.806739e-02 9.995439e-01 1.114748e-02 3.257334e+00 5.890743e-01 7.529566e-03 8.080438e-01 1.781432e+02
8.084883e-01 2.867778e-02 -5.878131e-01 -1.124102e+02 -2.729921e-02 9.995644e-01 1.121819e-02 3.261583e+00 5.878788e-01 6.977056e-03 8.089189e-01 1.789756e+02
8.093656e-01 2.734628e-02 -5.866681e-01 -1.130066e+02 -2.626669e-02 9.996013e-01 1.035684e-02 3.272420e+00 5.867174e-01 7.027355e-03 8.097613e-01 1.798014e+02
8.100017e-01 2.578818e-02 -5.858603e-01 -1.135392e+02 -2.457685e-02 9.996477e-01 1.002253e-02 3.280406e+00 5.859123e-01 6.280332e-03 8.103501e-01 1.805628e+02
8.104007e-01 2.476022e-02 -5.853526e-01 -1.140812e+02 -2.342315e-02 9.996770e-01 9.857450e-03 3.291461e+00 5.854076e-01 5.722321e-03 8.107189e-01 1.813189e+02
8.106998e-01 2.303264e-02 -5.850089e-01 -1.146210e+02 -2.148798e-02 9.997232e-01 9.582704e-03 3.300385e+00 5.850677e-01 4.801965e-03 8.109703e-01 1.820782e+02
8.106082e-01 2.091358e-02 -5.852153e-01 -1.152059e+02 -1.856300e-02 9.997775e-01 1.001615e-02 3.305225e+00 5.852946e-01 2.744181e-03 8.108161e-01 1.829270e+02
8.099329e-01 2.031434e-02 -5.861707e-01 -1.157462e+02 -1.625138e-02 9.997936e-01 1.219376e-02 3.313769e+00 5.862974e-01 -3.500417e-04 8.100958e-01 1.836910e+02
8.087440e-01 1.962201e-02 -5.878334e-01 -1.162852e+02 -1.380092e-02 9.998013e-01 1.438622e-02 3.321779e+00 5.879989e-01 -3.522124e-03 8.088541e-01 1.844569e+02
8.067371e-01 1.955704e-02 -5.905868e-01 -1.168897e+02 -1.250040e-02 9.997933e-01 1.603229e-02 3.337046e+00 5.907784e-01 -5.551267e-03 8.068148e-01 1.852836e+02
8.043544e-01 1.965207e-02 -5.938247e-01 -1.174237e+02 -1.130195e-02 9.997781e-01 1.777786e-02 3.343962e+00 5.940423e-01 -7.588323e-03 8.043980e-01 1.860513e+02
8.015590e-01 1.947306e-02 -5.975984e-01 -1.179661e+02 -1.023556e-02 9.997699e-01 1.884906e-02 3.355622e+00 5.978280e-01 -8.991876e-03 8.015740e-01 1.868066e+02
7.982663e-01 1.894807e-02 -6.020065e-01 -1.185547e+02 -1.119992e-02 9.997992e-01 1.661734e-02 3.359600e+00 6.022005e-01 -6.522637e-03 7.983183e-01 1.876453e+02
7.951565e-01 1.610581e-02 -6.061903e-01 -1.190764e+02 -1.149162e-02 9.998679e-01 1.149153e-02 3.355802e+00 6.062954e-01 -2.171453e-03 7.952366e-01 1.884232e+02
7.917958e-01 9.558042e-03 -6.107111e-01 -1.196460e+02 -8.629886e-03 9.999528e-01 4.461169e-03 3.349359e+00 6.107249e-01 1.738033e-03 7.918409e-01 1.892793e+02
7.885229e-01 9.586432e-03 -6.149306e-01 -1.201808e+02 -7.435402e-03 9.999540e-01 6.054355e-03 3.334073e+00 6.149604e-01 -2.017400e-04 7.885580e-01 1.900411e+02
7.851092e-01 1.233130e-02 -6.192346e-01 -1.207263e+02 -6.832341e-03 9.999134e-01 1.124954e-02 3.308916e+00 6.193197e-01 -4.601292e-03 7.851255e-01 1.907910e+02
7.817311e-01 1.523101e-02 -6.234297e-01 -1.212680e+02 -7.319997e-03 9.998569e-01 1.524881e-02 3.282275e+00 6.235728e-01 -7.356966e-03 7.817307e-01 1.915389e+02
7.782321e-01 1.571311e-02 -6.277801e-01 -1.218794e+02 -6.881826e-03 9.998403e-01 1.649455e-02 3.274290e+00 6.279391e-01 -8.516309e-03 7.782159e-01 1.923349e+02
7.754305e-01 1.653161e-02 -6.312164e-01 -1.224325e+02 -8.157985e-03 9.998361e-01 1.616395e-02 3.262191e+00 6.313802e-01 -7.384563e-03 7.754383e-01 1.930608e+02
7.729216e-01 1.732731e-02 -6.342649e-01 -1.230506e+02 -9.449791e-03 9.998305e-01 1.579849e-02 3.257875e+00 6.344311e-01 -6.217325e-03 7.729544e-01 1.938440e+02
7.709336e-01 1.917796e-02 -6.366267e-01 -1.236084e+02 -1.195482e-02 9.998062e-01 1.564163e-02 3.247736e+00 6.368033e-01 -4.447903e-03 7.710135e-01 1.945597e+02
7.694503e-01 1.946754e-02 -6.384100e-01 -1.241788e+02 -1.252900e-02 9.998031e-01 1.538709e-02 3.247924e+00 6.385838e-01 -3.840961e-03 7.695427e-01 1.952670e+02
7.680429e-01 1.911647e-02 -6.401131e-01 -1.247907e+02 -1.323945e-02 9.998147e-01 1.397326e-02 3.254790e+00 6.402616e-01 -2.257313e-03 7.681536e-01 1.960610e+02
7.671118e-01 2.023899e-02 -6.411941e-01 -1.253499e+02 -1.492366e-02 9.997947e-01 1.370369e-02 3.261615e+00 6.413399e-01 -9.433031e-04 7.672564e-01 1.967758e+02
7.662728e-01 2.105960e-02 -6.421701e-01 -1.259109e+02 -1.641557e-02 9.997781e-01 1.319919e-02 3.267425e+00 6.423056e-01 4.274092e-04 7.664485e-01 1.974868e+02
7.656784e-01 2.333153e-02 -6.428002e-01 -1.265286e+02 -1.998880e-02 9.997224e-01 1.247676e-02 3.272310e+00 6.429129e-01 3.295618e-03 7.659322e-01 1.982688e+02
7.656793e-01 2.409863e-02 -6.427709e-01 -1.270963e+02 -2.341492e-02 9.996799e-01 9.587561e-03 3.278260e+00 6.427962e-01 7.709432e-03 7.659984e-01 1.989687e+02
7.660103e-01 2.408076e-02 -6.423771e-01 -1.276598e+02 -2.565519e-02 9.996472e-01 6.880897e-03 3.283848e+00 6.423161e-01 1.120947e-02 7.663578e-01 1.996752e+02
7.671048e-01 2.651373e-02 -6.409737e-01 -1.282889e+02 -2.804511e-02 9.995764e-01 7.783422e-03 3.291676e+00 6.409085e-01 1.200548e-02 7.675234e-01 2.004479e+02
7.686306e-01 2.880375e-02 -6.390440e-01 -1.288523e+02 -2.893929e-02 9.995287e-01 1.024430e-02 3.291569e+00 6.390379e-01 1.061940e-02 7.691019e-01 2.011626e+02
7.701380e-01 2.956914e-02 -6.371916e-01 -1.294768e+02 -2.940108e-02 9.995088e-01 1.084718e-02 3.297268e+00 6.371994e-01 1.038029e-02 7.706291e-01 2.019392e+02
7.716697e-01 2.794196e-02 -6.354094e-01 -1.300367e+02 -2.938366e-02 9.995340e-01 8.269409e-03 3.301813e+00 6.353444e-01 1.228940e-02 7.721311e-01 2.026491e+02
7.733587e-01 2.805461e-02 -6.333477e-01 -1.306027e+02 -3.120611e-02 9.994939e-01 6.168652e-03 3.308794e+00 6.332003e-01 1.499374e-02 7.738428e-01 2.033540e+02
7.757577e-01 2.759752e-02 -6.304272e-01 -1.312101e+02 -3.042770e-02 9.995170e-01 6.312661e-03 3.328891e+00 6.302969e-01 1.428536e-02 7.762227e-01 2.041372e+02
7.781724e-01 2.746841e-02 -6.274497e-01 -1.317646e+02 -2.890893e-02 9.995508e-01 7.904923e-03 3.340126e+00 6.273850e-01 1.198751e-02 7.786170e-01 2.048530e+02
7.806474e-01 2.810623e-02 -6.243394e-01 -1.323194e+02 -2.891464e-02 9.995428e-01 8.843331e-03 3.351977e+00 6.243025e-01 1.114903e-02 7.811031e-01 2.055692e+02
7.831138e-01 2.796267e-02 -6.212495e-01 -1.329110e+02 -2.836369e-02 9.995550e-01 9.236600e-03 3.346345e+00 6.212313e-01 1.038762e-02 7.835584e-01 2.063643e+02
7.851583e-01 2.817113e-02 -6.186540e-01 -1.334544e+02 -2.785533e-02 9.995603e-01 1.016384e-02 3.347524e+00 6.186683e-01 9.252588e-03 7.855978e-01 2.070868e+02
7.872664e-01 2.829013e-02 -6.159637e-01 -1.340468e+02 -2.763642e-02 9.995620e-01 1.058587e-02 3.344491e+00 6.159934e-01 8.689133e-03 7.877034e-01 2.078881e+02
7.890603e-01 2.810715e-02 -6.136724e-01 -1.345894e+02 -2.696636e-02 9.995746e-01 1.110873e-02 3.345802e+00 6.137236e-01 7.783051e-03 7.894826e-01 2.086172e+02
7.905810e-01 2.882735e-02 -6.116786e-01 -1.351322e+02 -2.762110e-02 9.995534e-01 1.140757e-02 3.350610e+00 6.117342e-01 7.876627e-03 7.910241e-01 2.093473e+02
7.921120e-01 2.960576e-02 -6.096573e-01 -1.357412e+02 -2.910596e-02 9.995188e-01 1.072132e-02 3.369319e+00 6.096814e-01 9.252174e-03 7.925926e-01 2.101428e+02
7.936067e-01 2.834444e-02 -6.077705e-01 -1.362894e+02 -2.889953e-02 9.995429e-01 8.879387e-03 3.387447e+00 6.077443e-01 1.051754e-02 7.940631e-01 2.108695e+02
7.948818e-01 2.739263e-02 -6.061457e-01 -1.368362e+02 -2.915465e-02 9.995508e-01 6.938654e-03 3.399629e+00 6.060635e-01 1.215656e-02 7.953233e-01 2.116019e+02
7.961599e-01 2.661082e-02 -6.045008e-01 -1.374374e+02 -2.976595e-02 9.995454e-01 4.797795e-03 3.410423e+00 6.043537e-01 1.417373e-02 7.965900e-01 2.124088e+02
7.971759e-01 2.548025e-02 -6.032092e-01 -1.379845e+02 -2.921012e-02 9.995667e-01 3.619988e-03 3.419126e+00 6.030401e-01 1.473405e-02 7.975748e-01 2.131446e+02
7.983404e-01 2.468871e-02 -6.017002e-01 -1.385266e+02 -2.776381e-02 9.996058e-01 4.178172e-03 3.435183e+00 6.015661e-01 1.336989e-02 7.987111e-01 2.138917e+02
7.993187e-01 2.992737e-02 -6.001616e-01 -1.391257e+02 -3.185558e-02 9.994650e-01 7.412342e-03 3.455807e+00 6.000624e-01 1.319367e-02 7.998444e-01 2.147202e+02
8.003537e-01 3.279709e-02 -5.986304e-01 -1.396712e+02 -3.405852e-02 9.993773e-01 9.217381e-03 3.469231e+00 5.985600e-01 1.301130e-02 8.009723e-01 2.154724e+02
8.012029e-01 3.216835e-02 -5.975275e-01 -1.402662e+02 -3.378961e-02 9.993929e-01 8.495828e-03 3.483997e+00 5.974380e-01 1.338334e-02 8.018034e-01 2.163101e+02
8.023767e-01 3.072784e-02 -5.960264e-01 -1.408029e+02 -3.372748e-02 9.994123e-01 6.119928e-03 3.509752e+00 5.958642e-01 1.519198e-02 8.029415e-01 2.170729e+02
8.031543e-01 3.340025e-02 -5.948340e-01 -1.413425e+02 -3.687187e-02 9.993000e-01 6.326245e-03 3.536250e+00 5.946289e-01 1.685169e-02 8.038236e-01 2.178409e+02
8.040601e-01 3.392157e-02 -5.935795e-01 -1.419379e+02 -3.515675e-02 9.993368e-01 9.486400e-03 3.556424e+00 5.935077e-01 1.324069e-02 8.047194e-01 2.186858e+02
8.044574e-01 3.308670e-02 -5.930881e-01 -1.424770e+02 -3.230459e-02 9.994068e-01 1.193653e-02 3.567984e+00 5.931312e-01 9.557039e-03 8.050491e-01 2.194632e+02
8.048786e-01 3.505231e-02 -5.924034e-01 -1.430254e+02 -3.268586e-02 9.993572e-01 1.472247e-02 3.583430e+00 5.925387e-01 7.513411e-03 8.055070e-01 2.202317e+02
8.054523e-01 3.364200e-02 -5.917051e-01 -1.436277e+02 -2.992862e-02 9.994226e-01 1.608319e-02 3.604505e+00 5.919045e-01 4.754679e-03 8.059941e-01 2.210892e+02
8.049790e-01 3.342659e-02 -5.923609e-01 -1.441769e+02 -3.078991e-02 9.994199e-01 1.455526e-02 3.620540e+00 5.925038e-01 6.522059e-03 8.055412e-01 2.218591e+02
8.044946e-01 2.831241e-02 -5.932847e-01 -1.447223e+02 -2.962824e-02 9.995327e-01 7.523247e-03 3.635581e+00 5.932205e-01 1.152557e-02 8.049575e-01 2.226239e+02
8.035694e-01 2.183107e-02 -5.948105e-01 -1.453215e+02 -2.552936e-02 9.996716e-01 2.201195e-03 3.655355e+00 5.946633e-01 1.341632e-02 8.038629e-01 2.234710e+02
8.025179e-01 2.474663e-02 -5.961145e-01 -1.459315e+02 -2.616988e-02 9.996379e-01 6.267048e-03 3.676575e+00 5.960538e-01 1.057083e-02 8.028749e-01 2.243198e+02
8.016343e-01 2.836249e-02 -5.971415e-01 -1.464890e+02 -2.638304e-02 9.995792e-01 1.205912e-02 3.694456e+00 5.972323e-01 6.087405e-03 8.020452e-01 2.250875e+02
8.007195e-01 3.068362e-02 -5.982531e-01 -1.470475e+02 -2.724677e-02 9.995192e-01 1.479616e-02 3.715535e+00 5.984195e-01 4.452888e-03 8.011706e-01 2.258506e+02
8.001480e-01 3.241399e-02 -5.989261e-01 -1.476049e+02 -2.848735e-02 9.994656e-01 1.603299e-02 3.735609e+00 5.991258e-01 4.233053e-03 8.006437e-01 2.266155e+02
7.996448e-01 3.361267e-02 -5.995318e-01 -1.482195e+02 -3.025766e-02 9.994192e-01 1.567518e-02 3.756675e+00 5.997105e-01 5.605855e-03 8.001974e-01 2.274499e+02
7.994469e-01 3.387233e-02 -5.997811e-01 -1.487771e+02 -3.079381e-02 9.994072e-01 1.539601e-02 3.776867e+00 5.999471e-01 6.161253e-03 8.000160e-01 2.282117e+02
7.992549e-01 3.441749e-02 -6.000059e-01 -1.493356e+02 -3.118630e-02 9.993889e-01 1.578428e-02 3.797306e+00 6.001825e-01 6.096299e-03 7.998399e-01 2.289714e+02
7.992507e-01 3.259857e-02 -6.001130e-01 -1.499475e+02 -2.912785e-02 9.994555e-01 1.549769e-02 3.818294e+00 6.002915e-01 5.093466e-03 7.997651e-01 2.298091e+02
7.988567e-01 3.067661e-02 -6.007386e-01 -1.505015e+02 -2.793159e-02 9.995132e-01 1.389681e-02 3.834916e+00 6.008725e-01 5.678028e-03 7.993247e-01 2.305701e+02
7.987413e-01 2.922593e-02 -6.009644e-01 -1.510570e+02 -2.809163e-02 9.995418e-01 1.127288e-02 3.850526e+00 6.010185e-01 7.877955e-03 7.991963e-01 2.313277e+02
7.985768e-01 2.710746e-02 -6.012822e-01 -1.516661e+02 -2.690516e-02 9.995944e-01 9.331104e-03 3.862828e+00 6.012913e-01 8.725993e-03 7.989823e-01 2.321643e+02
7.984242e-01 2.717778e-02 -6.014816e-01 -1.522194e+02 -2.685658e-02 9.995940e-01 9.516184e-03 3.867401e+00 6.014960e-01 8.555788e-03 7.988300e-01 2.329268e+02
7.984693e-01 2.815518e-02 -6.013768e-01 -1.527732e+02 -2.585017e-02 9.995880e-01 1.247639e-02 3.870642e+00 6.014803e-01 5.583680e-03 7.988681e-01 2.336934e+02
7.982278e-01 2.928403e-02 -6.016434e-01 -1.533814e+02 -2.479395e-02 9.995684e-01 1.575714e-02 3.878453e+00 6.018452e-01 2.339330e-03 7.986094e-01 2.345347e+02
7.978644e-01 2.891389e-02 -6.021431e-01 -1.539288e+02 -2.465772e-02 9.995785e-01 1.532558e-02 3.888820e+00 6.023325e-01 2.619747e-03 7.982410e-01 2.352974e+02
7.971995e-01 2.717249e-02 -6.031041e-01 -1.545357e+02 -2.457823e-02 9.996191e-01 1.254906e-02 3.905781e+00 6.032154e-01 4.819126e-03 7.975638e-01 2.361300e+02
7.966979e-01 2.689073e-02 -6.037792e-01 -1.550871e+02 -2.497739e-02 9.996211e-01 1.156235e-02 3.918490e+00 6.038614e-01 5.869126e-03 7.970678e-01 2.368889e+02
7.963491e-01 2.779627e-02 -6.041983e-01 -1.556434e+02 -2.537888e-02 9.995993e-01 1.253676e-02 3.931641e+00 6.043046e-01 5.350242e-03 7.967354e-01 2.376468e+02
7.960696e-01 2.860375e-02 -6.045288e-01 -1.562575e+02 -2.534502e-02 9.995818e-01 1.392059e-02 3.948801e+00 6.046742e-01 4.240041e-03 7.964616e-01 2.384837e+02
7.957602e-01 2.923240e-02 -6.049059e-01 -1.568170e+02 -2.580568e-02 9.995639e-01 1.435682e-02 3.965346e+00 6.050618e-01 4.185421e-03 7.961675e-01 2.392407e+02
7.955003e-01 2.812358e-02 -6.053003e-01 -1.573733e+02 -2.564933e-02 9.995899e-01 1.273418e-02 3.980486e+00 6.054102e-01 5.395503e-03 7.958954e-01 2.399936e+02
7.953431e-01 2.502145e-02 -6.056429e-01 -1.579809e+02 -2.461279e-02 9.996567e-01 8.977653e-03 3.997689e+00 6.056597e-01 7.766250e-03 7.956859e-01 2.408189e+02
7.951437e-01 2.446250e-02 -6.059274e-01 -1.585348e+02 -2.557893e-02 9.996497e-01 6.791261e-03 4.011026e+00 6.058814e-01 1.009895e-02 7.954909e-01 2.415666e+02
7.952983e-01 2.531670e-02 -6.056894e-01 -1.591443e+02 -2.628889e-02 9.996280e-01 7.264074e-03 4.020507e+00 6.056480e-01 1.014580e-02 7.956680e-01 2.423912e+02
7.953665e-01 2.638540e-02 -6.055543e-01 -1.596981e+02 -2.639928e-02 9.996120e-01 8.881228e-03 4.029756e+00 6.055537e-01 8.922364e-03 7.957545e-01 2.431403e+02
7.955512e-01 2.635145e-02 -6.053130e-01 -1.602493e+02 -2.508844e-02 9.996296e-01 1.054422e-02 4.040157e+00 6.053667e-01 6.797892e-03 7.959177e-01 2.438904e+02
7.956510e-01 2.555050e-02 -6.052162e-01 -1.608482e+02 -2.263803e-02 9.996663e-01 1.244184e-02 4.059822e+00 6.053321e-01 3.801545e-03 7.959639e-01 2.447122e+02
7.956184e-01 2.529329e-02 -6.052698e-01 -1.613898e+02 -2.079147e-02 9.996795e-01 1.444498e-02 4.077337e+00 6.054412e-01 1.091758e-03 7.958893e-01 2.454601e+02
7.955042e-01 2.505979e-02 -6.054296e-01 -1.619932e+02 -2.020028e-02 9.996859e-01 1.483659e-02 4.095435e+00 6.056113e-01 4.272814e-04 7.957605e-01 2.462764e+02
7.954090e-01 2.455760e-02 -6.055752e-01 -1.625438e+02 -2.136117e-02 9.996939e-01 1.248271e-02 4.117549e+00 6.056964e-01 3.006939e-03 7.956901e-01 2.470098e+02
7.954503e-01 2.421582e-02 -6.055348e-01 -1.630966e+02 -2.305270e-02 9.996872e-01 9.695513e-03 4.141152e+00 6.055802e-01 6.246914e-03 7.957597e-01 2.477415e+02
7.954505e-01 2.533296e-02 -6.054889e-01 -1.636511e+02 -2.560432e-02 9.996386e-01 8.186520e-03 4.162779e+00 6.054775e-01 8.991159e-03 7.958116e-01 2.484731e+02
7.958279e-01 2.606362e-02 -6.049617e-01 -1.642592e+02 -2.638207e-02 9.996170e-01 8.360952e-03 4.181561e+00 6.049479e-01 9.306265e-03 7.962107e-01 2.492816e+02
7.960351e-01 2.532611e-02 -6.047204e-01 -1.648086e+02 -2.517394e-02 9.996450e-01 8.727651e-03 4.196593e+00 6.047267e-01 8.275677e-03 7.963900e-01 2.500201e+02
7.965054e-01 2.477023e-02 -6.041238e-01 -1.654118e+02 -2.397663e-02 9.996685e-01 9.376410e-03 4.221238e+00 6.041558e-01 7.016491e-03 7.968353e-01 2.508370e+02
7.967442e-01 2.367169e-02 -6.038529e-01 -1.659598e+02 -2.263639e-02 9.997003e-01 9.322121e-03 4.242380e+00 6.038926e-01 6.241705e-03 7.970413e-01 2.515802e+02
7.970405e-01 2.300891e-02 -6.034874e-01 -1.665101e+02 -2.084369e-02 9.997267e-01 1.058739e-02 4.260382e+00 6.035661e-01 4.140323e-03 7.973022e-01 2.523280e+02
7.973684e-01 2.191216e-02 -6.030949e-01 -1.671144e+02 -1.985029e-02 9.997522e-01 1.007925e-02 4.271507e+00 6.031663e-01 3.934737e-03 7.976058e-01 2.531513e+02
7.975935e-01 2.224673e-02 -6.027850e-01 -1.676693e+02 -2.166678e-02 9.997314e-01 8.227612e-03 4.278897e+00 6.028061e-01 6.498120e-03 7.978612e-01 2.538949e+02
7.976535e-01 2.031790e-02 -6.027737e-01 -1.682217e+02 -2.124535e-02 9.997587e-01 5.585136e-03 4.289826e+00 6.027418e-01 8.351135e-03 7.978926e-01 2.546365e+02
7.972534e-01 2.038491e-02 -6.033005e-01 -1.688332e+02 -2.083538e-02 9.997634e-01 6.247322e-03 4.298350e+00 6.032851e-01 7.589296e-03 7.974895e-01 2.554557e+02
7.968611e-01 2.287542e-02 -6.037293e-01 -1.693901e+02 -2.171429e-02 9.997217e-01 9.219007e-03 4.300425e+00 6.037722e-01 5.763287e-03 7.971361e-01 2.561995e+02
7.965299e-01 2.545683e-02 -6.040630e-01 -1.699449e+02 -2.288534e-02 9.996667e-01 1.195155e-02 4.299704e+00 6.041659e-01 4.304423e-03 7.968469e-01 2.569416e+02
7.961349e-01 2.653928e-02 -6.045368e-01 -1.705544e+02 -2.361829e-02 9.996394e-01 1.278064e-02 4.304597e+00 6.046580e-01 4.103013e-03 7.964746e-01 2.577555e+02
7.958671e-01 2.831986e-02 -6.048087e-01 -1.711080e+02 -2.520314e-02 9.995893e-01 1.364048e-02 4.315819e+00 6.049467e-01 4.387073e-03 7.962539e-01 2.584942e+02
7.955324e-01 3.029527e-02 -6.051531e-01 -1.716630e+02 -2.662531e-02 9.995324e-01 1.503720e-02 4.326961e+00 6.053257e-01 4.149810e-03 7.959670e-01 2.592326e+02
7.953032e-01 3.450111e-02 -6.052293e-01 -1.722729e+02 -2.908325e-02 9.994010e-01 1.875396e-02 4.345049e+00 6.055138e-01 2.686954e-03 7.958302e-01 2.600443e+02
7.951045e-01 3.682751e-02 -6.053533e-01 -1.728255e+02 -2.953622e-02 9.993216e-01 2.200062e-02 4.358574e+00 6.057528e-01 3.870578e-04 7.956528e-01 2.607809e+02
7.949275e-01 3.269786e-02 -6.058226e-01 -1.734267e+02 -2.649425e-02 9.994650e-01 1.917947e-02 4.371129e+00 6.061256e-01 8.045351e-04 7.953685e-01 2.615873e+02
7.946539e-01 2.828259e-02 -6.064036e-01 -1.739753e+02 -2.680931e-02 9.995746e-01 1.148812e-02 4.377099e+00 6.064705e-01 7.128181e-03 7.950740e-01 2.623108e+02
7.946483e-01 2.617244e-02 -6.065056e-01 -1.745240e+02 -2.838403e-02 9.995794e-01 5.945722e-03 4.386724e+00 6.064062e-01 1.249032e-02 7.950569e-01 2.630335e+02
7.944000e-01 3.099648e-02 -6.066035e-01 -1.751343e+02 -3.169210e-02 9.994519e-01 9.566865e-03 4.396756e+00 6.065676e-01 1.162462e-02 7.949469e-01 2.638342e+02
7.947308e-01 3.507179e-02 -6.059479e-01 -1.756871e+02 -3.429022e-02 9.993291e-01 1.286707e-02 4.400153e+00 6.059927e-01 1.055223e-02 7.954002e-01 2.645630e+02
7.950784e-01 3.552193e-02 -6.054656e-01 -1.762358e+02 -3.495873e-02 9.993078e-01 1.272148e-02 4.408336e+00 6.054984e-01 1.105174e-02 7.957698e-01 2.652896e+02
7.954425e-01 3.685202e-02 -6.049076e-01 -1.768406e+02 -3.673024e-02 9.992461e-01 1.257622e-02 4.422811e+00 6.049150e-01 1.221475e-02 7.961963e-01 2.660862e+02
7.956308e-01 3.977179e-02 -6.044749e-01 -1.773902e+02 -3.733110e-02 9.991650e-01 1.660418e-02 4.437904e+00 6.046305e-01 9.354916e-03 7.964511e-01 2.668146e+02
7.958768e-01 4.081200e-02 -6.040816e-01 -1.779322e+02 -3.544518e-02 9.991551e-01 2.080436e-02 4.450403e+00 6.044202e-01 4.854069e-03 7.966509e-01 2.675441e+02
7.960211e-01 3.772376e-02 -6.040921e-01 -1.785222e+02 -3.185196e-02 9.992838e-01 2.043052e-02 4.470699e+00 6.044301e-01 2.978394e-03 7.966526e-01 2.683461e+02
7.959669e-01 3.602375e-02 -6.042674e-01 -1.790612e+02 -3.214490e-02 9.993346e-01 1.723328e-02 4.486615e+00 6.044861e-01 5.706994e-03 7.965952e-01 2.690690e+02
7.957256e-01 3.548188e-02 -6.046170e-01 -1.796033e+02 -3.392360e-02 9.993264e-01 1.399911e-02 4.502984e+00 6.047065e-01 9.371337e-03 7.963933e-01 2.697903e+02
7.953615e-01 3.439397e-02 -6.051588e-01 -1.802027e+02 -3.439659e-02 9.993411e-01 1.158967e-02 4.518181e+00 6.051587e-01 1.159743e-02 7.960204e-01 2.705838e+02
7.950031e-01 3.502873e-02 -6.055931e-01 -1.807482e+02 -3.462204e-02 9.993241e-01 1.235223e-02 4.529814e+00 6.056165e-01 1.114681e-02 7.956786e-01 2.713090e+02
7.947212e-01 3.831934e-02 -6.057639e-01 -1.813248e+02 -3.692521e-02 9.992090e-01 1.476447e-02 4.542536e+00 6.058505e-01 1.063433e-02 7.955074e-01 2.720698e+02
7.944281e-01 4.160973e-02 -6.059311e-01 -1.819013e+02 -3.922783e-02 9.990826e-01 1.717667e-02 4.555266e+00 6.060900e-01 1.012374e-02 7.953316e-01 2.728305e+02
7.940508e-01 4.464328e-02 -6.062098e-01 -1.824517e+02 -4.219818e-02 9.989418e-01 1.829161e-02 4.571619e+00 6.063850e-01 1.105648e-02 7.950944e-01 2.735518e+02
7.935904e-01 4.467523e-02 -6.068100e-01 -1.830528e+02 -4.384701e-02 9.989069e-01 1.619920e-02 4.584101e+00 6.068704e-01 1.375128e-02 7.946818e-01 2.743441e+02
7.937507e-01 4.034499e-02 -6.069037e-01 -1.835949e+02 -4.516107e-02 9.989527e-01 7.342374e-03 4.595021e+00 6.065644e-01 2.158041e-02 7.947414e-01 2.750587e+02
7.937550e-01 3.204557e-02 -6.073929e-01 -1.841303e+02 -4.168185e-02 9.991294e-01 -1.757511e-03 4.598127e+00 6.068078e-01 2.671229e-02 7.943996e-01 2.757748e+02
7.933954e-01 2.307194e-02 -6.082692e-01 -1.847171e+02 -3.613713e-02 9.993042e-01 -9.231339e-03 4.604940e+00 6.076330e-01 2.930520e-02 7.936771e-01 2.765668e+02
7.934654e-01 2.191600e-02 -6.082206e-01 -1.853125e+02 -3.246728e-02 9.994527e-01 -6.342522e-03 4.602369e+00 6.077488e-01 2.477984e-02 7.937427e-01 2.773649e+02
7.933490e-01 2.642080e-02 -6.081935e-01 -1.858588e+02 -3.097250e-02 9.995157e-01 3.018785e-03 4.600989e+00 6.079787e-01 1.644233e-02 7.937830e-01 2.780954e+02
7.936184e-01 2.946688e-02 -6.077018e-01 -1.864027e+02 -3.021351e-02 9.995029e-01 9.008091e-03 4.603864e+00 6.076652e-01 1.121182e-02 7.941142e-01 2.788222e+02
7.945310e-01 3.086150e-02 -6.064389e-01 -1.869445e+02 -3.075114e-02 9.994711e-01 1.057395e-02 4.611901e+00 6.064445e-01 1.024735e-02 7.950598e-01 2.795435e+02
7.955863e-01 3.223374e-02 -6.049822e-01 -1.874853e+02 -3.435308e-02 9.993772e-01 8.071030e-03 4.622807e+00 6.048656e-01 1.436180e-02 7.961981e-01 2.802578e+02
7.969297e-01 3.143074e-02 -6.032538e-01 -1.880753e+02 -3.564032e-02 9.993522e-01 4.985566e-03 4.634260e+00 6.030198e-01 1.752701e-02 7.975337e-01 2.810444e+02
7.980407e-01 2.964431e-02 -6.018740e-01 -1.886059e+02 -3.433926e-02 9.994034e-01 3.692634e-03 4.640117e+00 6.016244e-01 1.772103e-02 7.985825e-01 2.817657e+02
7.993823e-01 2.895642e-02 -6.001245e-01 -1.891841e+02 -3.213967e-02 9.994687e-01 5.414140e-03 4.643400e+00 5.999624e-01 1.495984e-02 7.998883e-01 2.825655e+02
8.007383e-01 2.940058e-02 -5.982924e-01 -1.897091e+02 -3.066813e-02 9.994970e-01 8.070711e-03 4.650820e+00 5.982288e-01 1.188598e-02 8.012372e-01 2.832957e+02
8.019509e-01 2.877105e-02 -5.966967e-01 -1.902304e+02 -2.903095e-02 9.995364e-01 9.177729e-03 4.658405e+00 5.966841e-01 9.962584e-03 8.024144e-01 2.840259e+02
8.033075e-01 2.666723e-02 -5.949672e-01 -1.908046e+02 -2.715422e-02 9.995981e-01 8.140493e-03 4.669863e+00 5.949452e-01 9.616549e-03 8.037088e-01 2.848285e+02
8.043706e-01 2.331384e-02 -5.936703e-01 -1.913193e+02 -2.485736e-02 9.996754e-01 5.578433e-03 4.680116e+00 5.936077e-01 1.026995e-02 8.046890e-01 2.855661e+02
8.053056e-01 2.150607e-02 -5.924697e-01 -1.918363e+02 -2.315557e-02 9.997203e-01 4.815010e-03 4.690207e+00 5.924075e-01 9.841416e-03 8.055784e-01 2.863060e+02
8.058689e-01 2.122253e-02 -5.917135e-01 -1.924062e+02 -2.131816e-02 9.997495e-01 6.823530e-03 4.701117e+00 5.917101e-01 7.115374e-03 8.061194e-01 2.871241e+02
8.062402e-01 2.171398e-02 -5.911897e-01 -1.929276e+02 -2.063712e-02 9.997502e-01 8.576082e-03 4.711805e+00 5.912283e-01 5.286068e-03 8.064869e-01 2.878664e+02
8.064199e-01 2.180608e-02 -5.909412e-01 -1.935070e+02 -2.024118e-02 9.997522e-01 9.269596e-03 4.720877e+00 5.909968e-01 4.486162e-03 8.066614e-01 2.886798e+02
8.064439e-01 2.193757e-02 -5.909036e-01 -1.940344e+02 -2.029541e-02 9.997497e-01 9.417743e-03 4.730288e+00 5.909623e-01 4.397750e-03 8.066872e-01 2.894196e+02
8.062056e-01 2.107672e-02 -5.912600e-01 -1.945614e+02 -1.924568e-02 9.997706e-01 9.396729e-03 4.739876e+00 5.913224e-01 3.803506e-03 8.064263e-01 2.901608e+02
8.058785e-01 2.059661e-02 -5.917226e-01 -1.951431e+02 -1.904012e-02 9.997794e-01 8.869096e-03 4.748588e+00 5.917747e-01 4.119058e-03 8.060929e-01 2.909771e+02
8.054896e-01 1.981045e-02 -5.922786e-01 -1.956736e+02 -1.808906e-02 9.997973e-01 8.840254e-03 4.756828e+00 5.923337e-01 3.593030e-03 8.056847e-01 2.917206e+02
8.048702e-01 1.976805e-02 -5.931215e-01 -1.962059e+02 -1.759081e-02 9.998006e-01 9.451335e-03 4.764207e+00 5.931901e-01 2.826393e-03 8.050575e-01 2.924650e+02
8.039422e-01 1.885342e-02 -5.944085e-01 -1.967921e+02 -1.540988e-02 9.998222e-01 1.087033e-02 4.773249e+00 5.945077e-01 4.206515e-04 8.040898e-01 2.932848e+02
8.029128e-01 1.919985e-02 -5.957873e-01 -1.973295e+02 -1.528115e-02 9.998156e-01 1.162645e-02 4.778598e+00 5.959007e-01 -2.307102e-04 8.030581e-01 2.940292e+02
8.017446e-01 1.833923e-02 -5.973853e-01 -1.979208e+02 -1.475661e-02 9.998318e-01 1.088931e-02 4.788493e+00 5.974846e-01 8.493665e-05 8.018804e-01 2.948443e+02
8.005778e-01 1.763999e-02 -5.989691e-01 -1.984602e+02 -1.458327e-02 9.998441e-01 9.954110e-03 4.797494e+00 5.990514e-01 7.658916e-04 8.007102e-01 2.955847e+02
7.995051e-01 1.771900e-02 -6.003978e-01 -1.990015e+02 -1.464146e-02 9.998427e-01 1.001052e-02 4.808227e+00 6.004808e-01 7.872421e-04 7.996388e-01 2.963240e+02
7.984388e-01 1.892186e-02 -6.017785e-01 -1.995449e+02 -1.530976e-02 9.998209e-01 1.112463e-02 4.816768e+00 6.018812e-01 3.307487e-04 7.985855e-01 2.970630e+02
7.969896e-01 2.064111e-02 -6.036402e-01 -2.001458e+02 -1.700156e-02 9.997865e-01 1.173985e-02 4.825810e+00 6.037536e-01 9.062824e-04 7.971704e-01 2.978734e+02
7.959344e-01 2.198407e-02 -6.049836e-01 -2.006928e+02 -1.802419e-02 9.997579e-01 1.261635e-02 4.837793e+00 6.051145e-01 8.625481e-04 7.961380e-01 2.986079e+02
7.946570e-01 2.297543e-02 -6.066238e-01 -2.012955e+02 -1.897074e-02 9.997353e-01 1.301322e-02 4.854324e+00 6.067622e-01 1.167059e-03 7.948825e-01 2.994114e+02
7.936644e-01 2.448464e-02 -6.078629e-01 -2.018456e+02 -2.060880e-02 9.996984e-01 1.335956e-02 4.870156e+00 6.080067e-01 1.924320e-03 7.939296e-01 3.001412e+02
7.927349e-01 2.463978e-02 -6.090684e-01 -2.023953e+02 -2.107850e-02 9.996932e-01 1.300767e-02 4.882991e+00 6.092020e-01 2.526615e-03 7.930110e-01 3.008707e+02
7.916992e-01 2.476138e-02 -6.104090e-01 -2.030011e+02 -2.112701e-02 9.996903e-01 1.315099e-02 4.899912e+00 6.105456e-01 2.484488e-03 7.919772e-01 3.016744e+02
7.908148e-01 2.444584e-02 -6.115671e-01 -2.035566e+02 -2.027041e-02 9.997000e-01 1.374890e-02 4.911698e+00 6.117197e-01 1.523882e-03 7.910731e-01 3.024004e+02
7.896628e-01 2.399916e-02 -6.130716e-01 -2.041731e+02 -1.971416e-02 9.997112e-01 1.374178e-02 4.922958e+00 6.132243e-01 1.234820e-03 7.899078e-01 3.031945e+02
7.887197e-01 2.379962e-02 -6.142922e-01 -2.047378e+02 -2.013007e-02 9.997143e-01 1.288612e-02 4.930528e+00 6.144234e-01 2.202210e-03 7.889734e-01 3.039113e+02
7.878972e-01 2.280458e-02 -6.153843e-01 -2.052996e+02 -1.992936e-02 9.997349e-01 1.153141e-02 4.941217e+00 6.154842e-01 3.178648e-03 7.881428e-01 3.046322e+02
7.870885e-01 2.352345e-02 -6.163914e-01 -2.059204e+02 -2.085256e-02 9.997161e-01 1.152510e-02 4.951846e+00 6.164875e-01 3.782064e-03 7.873556e-01 3.054237e+02
7.868637e-01 2.519770e-02 -6.166122e-01 -2.064846e+02 -2.238125e-02 9.996740e-01 1.229054e-02 4.961079e+00 6.167208e-01 4.129572e-03 7.871711e-01 3.061436e+02
7.869150e-01 2.661298e-02 -6.164873e-01 -2.070481e+02 -2.563603e-02 9.996169e-01 1.042911e-02 4.970012e+00 6.165287e-01 7.597465e-03 7.872958e-01 3.068594e+02
7.876967e-01 2.720710e-02 -6.154622e-01 -2.076645e+02 -2.809575e-02 9.995714e-01 8.228805e-03 4.978106e+00 6.154222e-01 1.081007e-02 7.881235e-01 3.076460e+02
7.886381e-01 2.837185e-02 -6.142027e-01 -2.082215e+02 -3.117077e-02 9.994952e-01 6.146307e-03 4.984311e+00 6.140671e-01 1.429796e-02 7.891243e-01 3.083616e+02
7.904048e-01 2.972694e-02 -6.118632e-01 -2.087763e+02 -3.163809e-02 9.994698e-01 7.688472e-03 4.989831e+00 6.117674e-01 1.328117e-02 7.909262e-01 3.090806e+02
7.922998e-01 2.996241e-02 -6.093958e-01 -2.093789e+02 -3.054324e-02 9.994889e-01 9.431800e-03 4.999724e+00 6.093670e-01 1.114011e-02 7.928101e-01 3.098750e+02
7.941273e-01 3.104589e-02 -6.069580e-01 -2.099246e+02 -2.977812e-02 9.994825e-01 1.216264e-02 5.007591e+00 6.070215e-01 8.415381e-03 7.946408e-01 3.105967e+02
7.963230e-01 2.916039e-02 -6.041684e-01 -2.104617e+02 -2.653064e-02 9.995598e-01 1.327544e-02 5.018163e+00 6.042896e-01 5.457438e-03 7.967461e-01 3.113211e+02
7.986832e-01 2.799612e-02 -6.011002e-01 -2.110488e+02 -2.501866e-02 9.995983e-01 1.331376e-02 5.027304e+00 6.012315e-01 4.405249e-03 7.990628e-01 3.121156e+02
8.012348e-01 2.698288e-02 -5.977413e-01 -2.115782e+02 -2.494524e-02 9.996205e-01 1.168674e-02 5.036632e+00 5.978298e-01 5.546977e-03 8.016038e-01 3.128357e+02
8.037465e-01 2.396805e-02 -5.944890e-01 -2.121008e+02 -2.348958e-02 9.996875e-01 8.546663e-03 5.047192e+00 5.945081e-01 7.094949e-03 8.040583e-01 3.135564e+02
8.061617e-01 2.371203e-02 -5.912200e-01 -2.126748e+02 -2.491959e-02 9.996708e-01 6.114494e-03 5.055978e+00 5.911704e-01 9.803688e-03 8.064871e-01 3.143469e+02
8.082885e-01 2.466336e-02 -5.882698e-01 -2.131936e+02 -2.735234e-02 9.996165e-01 4.326786e-03 5.059311e+00 5.881509e-01 1.259327e-02 8.086532e-01 3.150649e+02
8.101851e-01 2.489384e-02 -5.856453e-01 -2.137599e+02 -2.942615e-02 9.995654e-01 1.779912e-03 5.061451e+00 5.854351e-01 1.579123e-02 8.105655e-01 3.158541e+02
8.118505e-01 2.522220e-02 -5.833203e-01 -2.142704e+02 -2.932311e-02 9.995671e-01 2.409138e-03 5.066523e+00 5.831285e-01 1.514891e-02 8.122387e-01 3.165746e+02
8.134372e-01 2.652488e-02 -5.810476e-01 -2.147781e+02 -2.869733e-02 9.995733e-01 5.455824e-03 5.069312e+00 5.809444e-01 1.223654e-02 8.138512e-01 3.172965e+02
8.149405e-01 2.785336e-02 -5.788750e-01 -2.153325e+02 -2.724786e-02 9.995813e-01 9.736672e-03 5.075469e+00 5.789038e-01 7.838298e-03 8.153582e-01 3.180910e+02
8.160233e-01 2.704001e-02 -5.773861e-01 -2.158303e+02 -2.477028e-02 9.996235e-01 1.180615e-02 5.082086e+00 5.774880e-01 4.667924e-03 8.163859e-01 3.188126e+02
8.167159e-01 2.465070e-02 -5.765132e-01 -2.163224e+02 -2.126103e-02 9.996942e-01 1.262581e-02 5.083971e+00 5.766482e-01 1.945568e-03 8.169903e-01 3.195467e+02
8.173418e-01 2.270142e-02 -5.757057e-01 -2.168623e+02 -1.856510e-02 9.997423e-01 1.306490e-02 5.086294e+00 5.758539e-01 9.545747e-06 8.175526e-01 3.203519e+02
8.175878e-01 2.092472e-02 -5.754236e-01 -2.173565e+02 -1.778775e-02 9.997804e-01 1.108240e-02 5.093345e+00 5.755291e-01 1.174654e-03 8.177805e-01 3.210686e+02
8.177101e-01 2.039841e-02 -5.752686e-01 -2.178526e+02 -1.795374e-02 9.997895e-01 9.931301e-03 5.101174e+00 5.753502e-01 2.207297e-03 8.179042e-01 3.217800e+02
8.175106e-01 2.077396e-02 -5.755387e-01 -2.183977e+02 -1.843976e-02 9.997810e-01 9.894575e-03 5.105528e+00 5.756182e-01 2.523878e-03 8.177147e-01 3.225611e+02
8.171389e-01 2.188058e-02 -5.760254e-01 -2.188926e+02 -1.980919e-02 9.997550e-01 9.875193e-03 5.110715e+00 5.761003e-01 3.341192e-03 8.173722e-01 3.232680e+02
8.167643e-01 2.311387e-02 -5.765084e-01 -2.194370e+02 -2.149279e-02 9.997226e-01 9.631984e-03 5.116046e+00 5.765711e-01 4.523714e-03 8.170345e-01 3.240428e+02
8.161021e-01 2.259972e-02 -5.774657e-01 -2.199294e+02 -2.119014e-02 9.997333e-01 9.178694e-03 5.123621e+00 5.775191e-01 4.745828e-03 8.163634e-01 3.247471e+02
8.150591e-01 2.115803e-02 -5.789913e-01 -2.204278e+02 -1.809021e-02 9.997751e-01 1.106871e-02 5.128992e+00 5.790953e-01 1.452420e-03 8.152586e-01 3.254445e+02
8.130997e-01 2.261808e-02 -5.816849e-01 -2.209795e+02 -1.906212e-02 9.997435e-01 1.222807e-02 5.134799e+00 5.818123e-01 1.145511e-03 8.133223e-01 3.262098e+02
8.106156e-01 2.777304e-02 -5.849197e-01 -2.214930e+02 -2.513957e-02 9.996043e-01 1.262314e-02 5.138076e+00 5.850388e-01 4.472121e-03 8.109930e-01 3.268960e+02
8.079338e-01 2.038767e-02 -5.889205e-01 -2.219952e+02 -2.057149e-02 9.997680e-01 6.388864e-03 5.145354e+00 5.889141e-01 6.953196e-03 8.081657e-01 3.275855e+02
8.045444e-01 1.385312e-02 -5.937309e-01 -2.225490e+02 -1.705682e-02 9.998545e-01 2.158153e-04 5.149768e+00 5.936475e-01 9.953527e-03 8.046636e-01 3.283427e+02
8.011337e-01 1.197045e-02 -5.983656e-01 -2.230616e+02 -1.954639e-02 9.997899e-01 -6.169025e-03 5.147891e+00 5.981661e-01 1.663810e-02 8.011994e-01 3.290180e+02
7.975945e-01 1.414447e-02 -6.030281e-01 -2.235866e+02 -2.171930e-02 9.997502e-01 -5.277127e-03 5.145487e+00 6.028028e-01 1.730635e-02 7.977025e-01 3.297070e+02
7.934239e-01 1.810034e-02 -6.084002e-01 -2.241629e+02 -2.024401e-02 9.997895e-01 3.343936e-03 5.147004e+00 6.083327e-01 9.663302e-03 7.936233e-01 3.304736e+02
7.906607e-01 1.930377e-02 -6.119501e-01 -2.246826e+02 -1.857403e-02 9.997991e-01 7.540057e-03 5.155613e+00 6.119728e-01 5.404757e-03 7.908604e-01 3.311652e+02
7.884908e-01 2.031370e-02 -6.147109e-01 -2.252047e+02 -1.834869e-02 9.997865e-01 9.502989e-03 5.167734e+00 6.147727e-01 3.786123e-03 7.886952e-01 3.318519e+02
7.863648e-01 2.159299e-02 -6.173849e-01 -2.257868e+02 -1.872835e-02 9.997629e-01 1.111228e-02 5.177085e+00 6.174785e-01 2.824295e-03 7.865827e-01 3.326078e+02
7.846507e-01 2.282631e-02 -6.195177e-01 -2.263222e+02 -2.000173e-02 9.997338e-01 1.150229e-02 5.187457e+00 6.196154e-01 3.366149e-03 7.848984e-01 3.332861e+02
7.828373e-01 2.250354e-02 -6.218194e-01 -2.269137e+02 -2.052497e-02 9.997359e-01 1.034043e-02 5.199774e+00 6.218878e-01 4.667949e-03 7.830924e-01 3.340351e+02
7.818448e-01 2.086992e-02 -6.231237e-01 -2.274513e+02 -1.957345e-02 9.997686e-01 8.925500e-03 5.212084e+00 6.231658e-01 5.218327e-03 7.820723e-01 3.347168e+02
7.811533e-01 2.007574e-02 -6.240164e-01 -2.280469e+02 -1.868446e-02 9.997869e-01 8.775477e-03 5.227044e+00 6.240597e-01 4.804417e-03 7.813619e-01 3.354717e+02
7.811096e-01 2.132969e-02 -6.240295e-01 -2.285924e+02 -1.942975e-02 9.997627e-01 9.851882e-03 5.237135e+00 6.240916e-01 4.429338e-03 7.813387e-01 3.361591e+02
7.814263e-01 2.279018e-02 -6.235812e-01 -2.291407e+02 -2.022453e-02 9.997328e-01 1.119359e-02 5.246472e+00 6.236697e-01 3.864670e-03 7.816785e-01 3.368507e+02
7.823056e-01 2.396878e-02 -6.224335e-01 -2.296913e+02 -2.247867e-02 9.996948e-01 1.024413e-02 5.253965e+00 6.224891e-01 5.977437e-03 7.826057e-01 3.375413e+02
7.840556e-01 2.393150e-02 -6.202291e-01 -2.302954e+02 -2.370334e-02 9.996820e-01 8.608364e-03 5.264872e+00 6.202378e-01 7.952066e-03 7.843735e-01 3.383022e+02
7.859943e-01 2.464238e-02 -6.177424e-01 -2.308449e+02 -2.493975e-02 9.996558e-01 8.144812e-03 5.276669e+00 6.177305e-01 9.004569e-03 7.863383e-01 3.390013e+02
7.880028e-01 2.590738e-02 -6.151263e-01 -2.314501e+02 -2.590490e-02 9.996246e-01 8.916108e-03 5.284342e+00 6.151265e-01 8.908868e-03 7.883781e-01 3.397766e+02
